local Players = game:GetService("Players")
local RunService = game:GetService("RunService")
local TweenService = game:GetService("TweenService")

local player = Players.LocalPlayer
local character = player.Character or player.CharacterAdded:Wait()
local hum = character:WaitForChild("Humanoid")
local hrp = character:WaitForChild("HumanoidRootPart")

-- === CHARACTER PREPARATION ===
local oldAutoRotate = hum.AutoRotate
local oldSit = hum.Sit

-- stop all animations
for _, v in ipairs(hum:GetPlayingAnimationTracks()) do
	v:Stop(0)
end

-- disable physics control
hum.Sit = true
hum.AutoRotate = false
hum.PlatformStand = true

hrp.AssemblyLinearVelocity = Vector3.zero
hrp.AssemblyAngularVelocity = Vector3.zero

-- ghost mode
local originalCollisions = {}
local function setGhost(state)
	for _, obj in ipairs(character:GetDescendants()) do
		if obj:IsA("BasePart") then
			if state then
				originalCollisions[obj] = obj.CanCollide
				obj.CanCollide = false
				obj.Massless = true
			else
				if originalCollisions[obj] ~= nil then
					obj.CanCollide = originalCollisions[obj]
				end
				obj.Massless = false
			end
		end
	end
end

setGhost(true)

-- animation (optional placeholder)
local animation = Instance.new("Animation")
animation.AnimationId = "rbxassetid://0"
local track = hum:LoadAnimation(animation)
track:Play(1, 5, 1)
track:AdjustSpeed(0.01)

-- checkpoint target
local checkpoint = Instance.new("Part")
checkpoint.Size = hrp.Size
checkpoint.CFrame = hrp.CFrame
checkpoint.Anchored = true
checkpoint.CanCollide = false
checkpoint.Transparency = 1
checkpoint.Parent = workspace


local frames = {
	CFrame.new(-371.411438,27.005966,-232.204422,0.884553,0.000000,-0.466439,-0.000000,1.000000,-0.000000,0.466439,0.000000,0.884553),
	CFrame.new(-371.399292,26.992010,-232.198013,0.875989,0.013255,-0.482148,-0.007819,0.999881,0.013282,0.482267,-0.007865,0.875989),
	CFrame.new(-371.387115,26.978655,-232.191605,0.867025,0.026668,-0.497550,-0.015409,0.999524,0.026722,0.498026,-0.015502,0.867024),
	CFrame.new(-371.374969,26.965517,-232.185181,0.857665,0.040232,-0.512632,-0.022764,0.998928,0.040311,0.513704,-0.022904,0.857662),
	CFrame.new(-371.353088,26.940619,-232.173645,0.841147,0.054858,-0.538017,-0.029589,0.998020,0.055502,0.539997,-0.030766,0.841105),
	CFrame.new(-371.340912,26.926260,-232.167236,0.831109,0.066613,-0.552105,-0.035158,0.997108,0.067379,0.554997,-0.036588,0.831047),
	CFrame.new(-371.326324,26.909412,-232.159546,0.818631,0.080843,-0.568601,-0.041557,0.995786,0.081749,0.572814,-0.043292,0.818541),
	CFrame.new(-371.311737,26.892370,-232.151840,0.853419,0.057678,-0.518024,0.006014,0.992703,0.120437,0.521191,-0.105898,0.846845),
	CFrame.new(-371.297150,26.874777,-232.144150,0.848606,0.066636,-0.524812,0.007531,0.990413,0.137931,0.528972,-0.121001,0.839969),
	CFrame.new(-371.284973,26.859697,-232.137741,0.844551,0.074190,-0.530310,0.008918,0.988269,0.152460,0.535401,-0.133489,0.833983),
	CFrame.new(-371.267975,26.837734,-232.128769,0.838811,0.084896,-0.537763,0.011045,0.984910,0.172714,0.544311,-0.150814,0.825216),
	CFrame.new(-371.459106,26.711454,-232.229553,0.965672,-0.075504,-0.248548,0.140862,0.956137,0.256828,0.218254,-0.283023,0.933950),
	CFrame.new(-371.464233,26.677092,-232.232269,0.970308,-0.087406,-0.225527,0.151554,0.946393,0.285258,0.188504,-0.310968,0.931539),
	CFrame.new(-371.464233,26.677092,-232.232269,0.970308,-0.087406,-0.225527,0.151554,0.946393,0.285258,0.188504,-0.310968,0.931539),
	CFrame.new(-371.464233,26.677092,-232.232269,0.970308,-0.087406,-0.225527,0.151554,0.946393,0.285258,0.188504,-0.310968,0.931539),
	CFrame.new(-371.464233,26.677092,-232.232269,0.970308,-0.087406,-0.225527,0.151554,0.946393,0.285258,0.188504,-0.310968,0.931539),
	CFrame.new(-371.464233,26.677092,-232.232269,0.970308,-0.087406,-0.225527,0.151554,0.946393,0.285258,0.188504,-0.310968,0.931539),
	CFrame.new(-371.464233,26.677092,-232.232269,0.970308,-0.087406,-0.225527,0.151554,0.946393,0.285258,0.188504,-0.310968,0.931539),
	CFrame.new(-371.586517,26.795584,-232.296753,0.973029,-0.040756,-0.227056,0.088002,0.975415,0.202041,0.213239,-0.216573,0.952694),
	CFrame.new(-371.586517,26.795584,-232.296753,0.973029,-0.040756,-0.227056,0.088002,0.975415,0.202041,0.213239,-0.216573,0.952694),
	CFrame.new(-371.586517,26.795584,-232.296753,0.973029,-0.040756,-0.227056,0.088002,0.975415,0.202041,0.213239,-0.216573,0.952694),
	CFrame.new(-371.586517,26.795584,-232.296753,0.973029,-0.040756,-0.227056,0.088002,0.975415,0.202041,0.213239,-0.216573,0.952694),
	CFrame.new(-371.586517,26.795584,-232.296753,0.972353,-0.032492,-0.231244,0.073796,0.982279,0.172285,0.221548,-0.184587,0.957520),
	CFrame.new(-371.586517,26.795584,-232.296753,0.972353,-0.032492,-0.231244,0.073796,0.982279,0.172285,0.221548,-0.184587,0.957520),
	CFrame.new(-371.586517,26.795584,-232.296753,0.972353,-0.032492,-0.231244,0.073796,0.982279,0.172285,0.221548,-0.184587,0.957520),
	CFrame.new(-371.586517,26.795584,-232.296753,0.972353,-0.032492,-0.231244,0.073796,0.982279,0.172286,0.221548,-0.184587,0.957520),
	CFrame.new(-371.586517,26.795584,-232.296753,0.972353,-0.032492,-0.231244,0.073796,0.982279,0.172286,0.221548,-0.184587,0.957520),
	CFrame.new(-371.586517,26.795584,-232.296753,0.972353,-0.032492,-0.231244,0.073796,0.982279,0.172285,0.221548,-0.184587,0.957520),
	CFrame.new(-371.586517,26.795584,-232.296753,0.930255,0.091163,-0.355408,-0.015565,0.977575,0.210011,0.366583,-0.189832,0.910813),
	CFrame.new(-371.586517,26.795584,-232.296753,0.930255,0.091163,-0.355408,-0.015565,0.977575,0.210011,0.366583,-0.189832,0.910813),
	CFrame.new(-371.586517,26.795584,-232.296753,0.930255,0.091163,-0.355408,-0.015565,0.977575,0.210011,0.366583,-0.189832,0.910813),
	CFrame.new(-371.586517,26.795584,-232.296753,0.930255,0.091163,-0.355408,-0.015565,0.977575,0.210011,0.366583,-0.189832,0.910813),
	CFrame.new(-371.586517,26.795584,-232.296753,0.930255,0.091163,-0.355408,-0.015565,0.977575,0.210011,0.366583,-0.189832,0.910813),
	CFrame.new(-371.586517,26.795584,-232.296753,0.930255,0.091163,-0.355408,-0.015565,0.977575,0.210011,0.366583,-0.189832,0.910813),
	CFrame.new(-371.358643,26.677092,-232.176575,0.697296,0.340868,-0.630545,-0.191052,0.936249,0.294852,0.690852,-0.085132,0.717966),
	CFrame.new(-371.358643,26.677092,-232.176575,0.697296,0.340868,-0.630545,-0.191052,0.936249,0.294852,0.690852,-0.085132,0.717966),
	CFrame.new(-371.358643,26.677092,-232.176575,0.697296,0.340868,-0.630545,-0.191052,0.936249,0.294852,0.690852,-0.085132,0.717966),
	CFrame.new(-371.358643,26.677092,-232.176575,0.697296,0.340868,-0.630545,-0.191052,0.936249,0.294852,0.690852,-0.085132,0.717966),
	CFrame.new(-371.358643,26.677092,-232.176575,0.697296,0.340868,-0.630545,-0.191052,0.936249,0.294852,0.690852,-0.085132,0.717966),
	CFrame.new(-371.358643,26.677092,-232.176575,0.697296,0.340868,-0.630545,-0.191052,0.936249,0.294852,0.690852,-0.085132,0.717966),
	CFrame.new(-371.358643,26.677092,-232.176575,0.697296,0.340868,-0.630545,-0.191052,0.936249,0.294852,0.690852,-0.085132,0.717966),
	CFrame.new(-371.358643,26.677092,-232.176575,0.697296,0.340868,-0.630545,-0.191052,0.936249,0.294852,0.690852,-0.085132,0.717966),
	CFrame.new(-371.236359,26.795584,-232.112091,0.725594,0.201734,-0.657888,-0.088002,0.975415,0.202041,0.682473,-0.088704,0.725509),
	CFrame.new(-371.236359,26.795584,-232.112091,0.725594,0.201734,-0.657888,-0.088002,0.975415,0.202041,0.682473,-0.088704,0.725509),
	CFrame.new(-371.236359,26.795584,-232.112091,0.725594,0.201734,-0.657888,-0.088002,0.975415,0.202041,0.682473,-0.088704,0.725509),
	CFrame.new(-371.236359,26.795584,-232.112091,0.725594,0.201734,-0.657888,-0.088002,0.975415,0.202041,0.682473,-0.088705,0.725509),
	CFrame.new(-371.236359,26.795584,-232.112091,0.732069,0.170671,-0.659505,-0.073796,0.982279,0.172285,0.677222,-0.077456,0.731691),
	CFrame.new(-371.236359,26.795584,-232.112091,0.732069,0.170671,-0.659505,-0.073796,0.982279,0.172285,0.677222,-0.077456,0.731691),
	CFrame.new(-371.236359,26.795584,-232.112091,0.732069,0.170671,-0.659505,-0.073796,0.982279,0.172285,0.677222,-0.077456,0.731691),
	CFrame.new(-371.236359,26.795584,-232.112091,0.732069,0.170671,-0.659505,-0.073796,0.982279,0.172285,0.677222,-0.077456,0.731691),
	CFrame.new(-371.236359,26.795584,-232.112091,0.827969,0.105151,-0.550827,0.015564,0.977575,0.210011,0.560557,-0.182456,0.807766),
	CFrame.new(-371.236359,26.795584,-232.112091,0.827969,0.105151,-0.550827,0.015564,0.977575,0.210011,0.560557,-0.182456,0.807766),
	CFrame.new(-371.236359,26.795584,-232.112091,0.827969,0.105151,-0.550827,0.015564,0.977575,0.210011,0.560557,-0.182456,0.807766),
	CFrame.new(-371.236359,26.795584,-232.112091,0.827969,0.105151,-0.550827,0.015564,0.977575,0.210011,0.560557,-0.182456,0.807766),
	CFrame.new(-371.236359,26.795584,-232.112091,0.827969,0.105151,-0.550827,0.015564,0.977575,0.210011,0.560557,-0.182456,0.807766),
	CFrame.new(-371.464233,26.677092,-232.232269,0.970308,-0.087406,-0.225527,0.151554,0.946393,0.285258,0.188504,-0.310968,0.931539),
	CFrame.new(-371.464233,26.677092,-232.232269,0.970308,-0.087406,-0.225527,0.151554,0.946393,0.285258,0.188504,-0.310968,0.931539),
	CFrame.new(-371.464233,26.677092,-232.232269,0.970308,-0.087406,-0.225527,0.151554,0.946393,0.285258,0.188504,-0.310968,0.931539),
	CFrame.new(-371.464233,26.677092,-232.232269,0.970308,-0.087406,-0.225527,0.151554,0.946393,0.285258,0.188504,-0.310968,0.931539),
	CFrame.new(-371.464233,26.677092,-232.232269,0.970308,-0.087406,-0.225527,0.151554,0.946393,0.285258,0.188504,-0.310968,0.931539),
	CFrame.new(-371.464233,26.677092,-232.232269,0.970308,-0.087406,-0.225527,0.151554,0.946393,0.285258,0.188504,-0.310968,0.931539),
	CFrame.new(-371.464233,26.677092,-232.232269,0.970308,-0.087406,-0.225527,0.151554,0.946393,0.285258,0.188504,-0.310968,0.931539),
	CFrame.new(-371.464233,26.677092,-232.232269,0.970308,-0.087406,-0.225527,0.151554,0.946393,0.285258,0.188504,-0.310968,0.931539),
	CFrame.new(-371.586517,26.795584,-232.296753,0.973029,-0.040756,-0.227056,0.088002,0.975415,0.202041,0.213239,-0.216573,0.952694),
	CFrame.new(-371.586517,26.795584,-232.296753,0.973029,-0.040756,-0.227056,0.088002,0.975415,0.202041,0.213239,-0.216573,0.952694),
	CFrame.new(-371.586517,26.795584,-232.296753,0.973029,-0.040756,-0.227056,0.088002,0.975415,0.202041,0.213239,-0.216573,0.952694),
	CFrame.new(-371.586517,26.795584,-232.296753,0.973029,-0.040756,-0.227056,0.088002,0.975415,0.202041,0.213239,-0.216573,0.952694),
	CFrame.new(-371.586517,26.795584,-232.296753,0.973029,-0.040756,-0.227056,0.088002,0.975415,0.202041,0.213239,-0.216573,0.952694),
	CFrame.new(-371.586517,26.795584,-232.296753,0.972353,-0.032492,-0.231244,0.073796,0.982279,0.172285,0.221548,-0.184587,0.957520),
	CFrame.new(-371.586517,26.795584,-232.296753,0.972353,-0.032492,-0.231244,0.073796,0.982279,0.172285,0.221548,-0.184587,0.957520),
	CFrame.new(-371.586517,26.795584,-232.296753,0.972353,-0.032492,-0.231244,0.073796,0.982279,0.172286,0.221548,-0.184587,0.957520),
	CFrame.new(-371.586517,26.795584,-232.296753,0.972353,-0.032492,-0.231244,0.073796,0.982279,0.172286,0.221548,-0.184587,0.957520),
	CFrame.new(-371.586517,26.795584,-232.296753,0.972353,-0.032492,-0.231244,0.073796,0.982279,0.172286,0.221548,-0.184587,0.957520),
	CFrame.new(-371.586517,26.795584,-232.296753,0.972353,-0.032492,-0.231244,0.073796,0.982279,0.172285,0.221548,-0.184587,0.957520),
	CFrame.new(-371.586517,26.795584,-232.296753,0.972353,-0.032492,-0.231244,0.073796,0.982279,0.172285,0.221548,-0.184587,0.957520),
	CFrame.new(-371.586517,26.795584,-232.296753,0.930255,0.091163,-0.355408,-0.015565,0.977575,0.210011,0.366583,-0.189832,0.910813),
	CFrame.new(-371.586517,26.795584,-232.296753,0.930255,0.091163,-0.355408,-0.015565,0.977575,0.210011,0.366583,-0.189832,0.910813),
	CFrame.new(-371.586517,26.795584,-232.296753,0.930255,0.091163,-0.355408,-0.015565,0.977575,0.210011,0.366583,-0.189832,0.910813),
	CFrame.new(-371.586517,26.795584,-232.296753,0.930255,0.091163,-0.355408,-0.015565,0.977575,0.210011,0.366583,-0.189832,0.910813),
	CFrame.new(-371.586517,26.795584,-232.296753,0.930255,0.091163,-0.355408,-0.015565,0.977575,0.210011,0.366583,-0.189832,0.910813),
	CFrame.new(-371.586517,26.795584,-232.296753,0.930255,0.091163,-0.355408,-0.015565,0.977575,0.210011,0.366583,-0.189832,0.910813),
	CFrame.new(-371.358643,26.677092,-232.176575,0.697296,0.340868,-0.630545,-0.191052,0.936249,0.294852,0.690852,-0.085132,0.717966),
	CFrame.new(-371.358643,26.677092,-232.176575,0.697296,0.340868,-0.630545,-0.191052,0.936249,0.294852,0.690852,-0.085132,0.717966),
	CFrame.new(-371.358643,26.677092,-232.176575,0.697296,0.340868,-0.630545,-0.191052,0.936249,0.294852,0.690852,-0.085132,0.717966),
	CFrame.new(-371.358643,26.677092,-232.176575,0.697296,0.340868,-0.630545,-0.191052,0.936249,0.294852,0.690852,-0.085132,0.717966),
	CFrame.new(-371.358643,26.677092,-232.176575,0.697296,0.340868,-0.630545,-0.191052,0.936249,0.294852,0.690852,-0.085132,0.717966),
	CFrame.new(-371.358643,26.677092,-232.176575,0.697296,0.340868,-0.630545,-0.191052,0.936249,0.294852,0.690852,-0.085132,0.717966),
	CFrame.new(-371.236359,26.795584,-232.112091,0.725594,0.201734,-0.657888,-0.088002,0.975415,0.202041,0.682473,-0.088704,0.725509),
	CFrame.new(-371.236359,26.795584,-232.112091,0.725594,0.201734,-0.657888,-0.088002,0.975415,0.202041,0.682473,-0.088704,0.725509),
	CFrame.new(-371.236359,26.795584,-232.112091,0.725594,0.201734,-0.657888,-0.088002,0.975415,0.202041,0.682473,-0.088704,0.725509),
	CFrame.new(-371.236359,26.795584,-232.112091,0.725594,0.201734,-0.657888,-0.088002,0.975415,0.202041,0.682473,-0.088705,0.725509),
	CFrame.new(-371.236359,26.795584,-232.112091,0.732069,0.170671,-0.659505,-0.073796,0.982279,0.172285,0.677222,-0.077456,0.731691),
	CFrame.new(-371.236359,26.795584,-232.112091,0.732069,0.170671,-0.659505,-0.073796,0.982279,0.172285,0.677222,-0.077456,0.731691),
	CFrame.new(-371.236359,26.795584,-232.112091,0.732069,0.170671,-0.659505,-0.073796,0.982279,0.172285,0.677222,-0.077456,0.731691),
	CFrame.new(-371.236359,26.795584,-232.112091,0.827969,0.105151,-0.550827,0.015564,0.977575,0.210011,0.560557,-0.182456,0.807766),
	CFrame.new(-371.236359,26.795584,-232.112091,0.827969,0.105151,-0.550827,0.015564,0.977575,0.210011,0.560557,-0.182456,0.807766),
	CFrame.new(-371.236359,26.795584,-232.112091,0.827969,0.105151,-0.550827,0.015564,0.977575,0.210011,0.560557,-0.182456,0.807766),
	CFrame.new(-371.236359,26.795584,-232.112091,0.827969,0.105151,-0.550827,0.015564,0.977575,0.210011,0.560557,-0.182456,0.807766),
	CFrame.new(-371.236359,26.795584,-232.112091,0.827969,0.105151,-0.550827,0.015564,0.977575,0.210011,0.560557,-0.182456,0.807766),
	CFrame.new(-371.464233,26.677092,-232.232269,0.970308,-0.087406,-0.225527,0.151554,0.946393,0.285258,0.188504,-0.310968,0.931539),
	CFrame.new(-371.464233,26.677092,-232.232269,0.970308,-0.087406,-0.225527,0.151554,0.946393,0.285258,0.188504,-0.310968,0.931539),
	CFrame.new(-371.464233,26.677092,-232.232269,0.970308,-0.087406,-0.225527,0.151554,0.946393,0.285258,0.188504,-0.310968,0.931539),
	CFrame.new(-371.464233,26.677092,-232.232269,0.970308,-0.087406,-0.225527,0.151554,0.946393,0.285258,0.188504,-0.310968,0.931539),
	CFrame.new(-371.464233,26.677092,-232.232269,0.970308,-0.087406,-0.225527,0.151554,0.946393,0.285258,0.188504,-0.310968,0.931539),
	CFrame.new(-371.464233,26.677092,-232.232269,0.970308,-0.087406,-0.225527,0.151554,0.946393,0.285258,0.188504,-0.310968,0.931539),
	CFrame.new(-371.464233,26.677092,-232.232269,0.970308,-0.087406,-0.225527,0.151554,0.946393,0.285258,0.188504,-0.310968,0.931539),
	CFrame.new(-371.464233,26.677092,-232.232269,0.970308,-0.087406,-0.225527,0.151554,0.946393,0.285258,0.188504,-0.310968,0.931539),
	CFrame.new(-371.586517,26.795584,-232.296753,0.973029,-0.040756,-0.227056,0.088002,0.975415,0.202041,0.213239,-0.216573,0.952694),
	CFrame.new(-371.586517,26.795584,-232.296753,0.973029,-0.040756,-0.227056,0.088002,0.975415,0.202041,0.213239,-0.216573,0.952694),
	CFrame.new(-371.586517,26.795584,-232.296753,0.973029,-0.040756,-0.227056,0.088002,0.975415,0.202041,0.213239,-0.216573,0.952694),
	CFrame.new(-371.586517,26.795584,-232.296753,0.973029,-0.040756,-0.227056,0.088002,0.975415,0.202041,0.213239,-0.216573,0.952694),
	CFrame.new(-371.586517,26.795584,-232.296753,0.973029,-0.040756,-0.227056,0.088002,0.975415,0.202041,0.213239,-0.216573,0.952694),
	CFrame.new(-371.586517,26.795584,-232.296753,0.972353,-0.032492,-0.231244,0.073796,0.982279,0.172285,0.221548,-0.184587,0.957520),
	CFrame.new(-371.586517,26.795584,-232.296753,0.972353,-0.032492,-0.231244,0.073796,0.982279,0.172285,0.221548,-0.184587,0.957520),
	CFrame.new(-371.586517,26.795584,-232.296753,0.972353,-0.032492,-0.231244,0.073796,0.982279,0.172286,0.221548,-0.184587,0.957520),
	CFrame.new(-371.586517,26.795584,-232.296753,0.972353,-0.032492,-0.231244,0.073796,0.982279,0.172286,0.221548,-0.184587,0.957520),
	CFrame.new(-371.586517,26.795584,-232.296753,0.972353,-0.032492,-0.231244,0.073796,0.982279,0.172286,0.221548,-0.184587,0.957520),
	CFrame.new(-371.586517,26.795584,-232.296753,0.972353,-0.032492,-0.231244,0.073796,0.982279,0.172285,0.221548,-0.184587,0.957520),
	CFrame.new(-371.586517,26.795584,-232.296753,0.972353,-0.032492,-0.231244,0.073796,0.982279,0.172285,0.221548,-0.184587,0.957520),
	CFrame.new(-371.586517,26.795584,-232.296753,0.972353,-0.032492,-0.231244,0.073796,0.982279,0.172285,0.221548,-0.184587,0.957520),
	CFrame.new(-371.586517,26.795584,-232.296753,0.930255,0.091163,-0.355408,-0.015565,0.977575,0.210011,0.366583,-0.189832,0.910813),
	CFrame.new(-371.586517,26.795584,-232.296753,0.930255,0.091163,-0.355408,-0.015565,0.977575,0.210011,0.366583,-0.189832,0.910813),
	CFrame.new(-371.586517,26.795584,-232.296753,0.930255,0.091163,-0.355408,-0.015565,0.977575,0.210011,0.366583,-0.189832,0.910813),
	CFrame.new(-371.586517,26.795584,-232.296753,0.930255,0.091163,-0.355408,-0.015565,0.977575,0.210011,0.366583,-0.189832,0.910813),
	CFrame.new(-371.586517,26.795584,-232.296753,0.930255,0.091163,-0.355408,-0.015565,0.977575,0.210011,0.366583,-0.189832,0.910813),
	CFrame.new(-371.586517,26.795584,-232.296753,0.930255,0.091163,-0.355408,-0.015565,0.977575,0.210011,0.366583,-0.189832,0.910813),
	CFrame.new(-371.586517,26.795584,-232.296753,0.930255,0.091163,-0.355408,-0.015565,0.977575,0.210011,0.366583,-0.189832,0.910813),
	CFrame.new(-371.358643,26.677092,-232.176575,0.697296,0.340868,-0.630545,-0.191052,0.936249,0.294852,0.690852,-0.085132,0.717966),
	CFrame.new(-371.358643,26.677092,-232.176575,0.697296,0.340868,-0.630545,-0.191052,0.936249,0.294852,0.690852,-0.085132,0.717966),
	CFrame.new(-371.358643,26.677092,-232.176575,0.697296,0.340868,-0.630545,-0.191052,0.936249,0.294852,0.690852,-0.085132,0.717966),
	CFrame.new(-371.358643,26.677092,-232.176575,0.697296,0.340868,-0.630545,-0.191052,0.936249,0.294852,0.690852,-0.085132,0.717966),
	CFrame.new(-371.358643,26.677092,-232.176575,0.697296,0.340868,-0.630545,-0.191052,0.936249,0.294852,0.690852,-0.085132,0.717966),
	CFrame.new(-371.358643,26.677092,-232.176575,0.697296,0.340868,-0.630545,-0.191052,0.936249,0.294852,0.690852,-0.085132,0.717966),
	CFrame.new(-371.358643,26.677092,-232.176575,0.697296,0.340868,-0.630545,-0.191052,0.936249,0.294852,0.690852,-0.085132,0.717966),
	CFrame.new(-371.358643,26.677092,-232.176575,0.697296,0.340868,-0.630545,-0.191052,0.936249,0.294852,0.690852,-0.085132,0.717966),
	CFrame.new(-371.236359,26.795584,-232.112091,0.725594,0.201734,-0.657888,-0.088002,0.975415,0.202041,0.682473,-0.088704,0.725509),
	CFrame.new(-371.236359,26.795584,-232.112091,0.725594,0.201734,-0.657888,-0.088002,0.975415,0.202041,0.682473,-0.088704,0.725509),
	CFrame.new(-371.236359,26.795584,-232.112091,0.725594,0.201734,-0.657888,-0.088002,0.975415,0.202041,0.682473,-0.088704,0.725509),
	CFrame.new(-371.236359,26.795584,-232.112091,0.725594,0.201734,-0.657888,-0.088002,0.975415,0.202041,0.682473,-0.088705,0.725509),
	CFrame.new(-371.236359,26.795584,-232.112091,0.725594,0.201734,-0.657888,-0.088002,0.975415,0.202041,0.682473,-0.088705,0.725509),
	CFrame.new(-371.236359,26.795584,-232.112091,0.732069,0.170671,-0.659505,-0.073796,0.982279,0.172285,0.677222,-0.077456,0.731691),
	CFrame.new(-371.236359,26.795584,-232.112091,0.732069,0.170671,-0.659505,-0.073796,0.982279,0.172285,0.677222,-0.077456,0.731691),
	CFrame.new(-371.236359,26.795584,-232.112091,0.732069,0.170671,-0.659505,-0.073796,0.982279,0.172285,0.677222,-0.077456,0.731691),
	CFrame.new(-371.236359,26.795584,-232.112091,0.732069,0.170671,-0.659505,-0.073796,0.982279,0.172285,0.677222,-0.077456,0.731691),
	CFrame.new(-371.236359,26.795584,-232.112091,0.732069,0.170671,-0.659505,-0.073796,0.982279,0.172285,0.677222,-0.077456,0.731691),
	CFrame.new(-371.236359,26.795584,-232.112091,0.827969,0.105151,-0.550827,0.015564,0.977575,0.210011,0.560557,-0.182456,0.807766),
	CFrame.new(-371.236359,26.795584,-232.112091,0.827969,0.105151,-0.550827,0.015564,0.977575,0.210011,0.560557,-0.182456,0.807766),
	CFrame.new(-371.236359,26.795584,-232.112091,0.827969,0.105151,-0.550827,0.015564,0.977575,0.210011,0.560557,-0.182456,0.807766),
	CFrame.new(-371.236359,26.795584,-232.112091,0.827969,0.105151,-0.550827,0.015564,0.977575,0.210011,0.560557,-0.182456,0.807766),
	CFrame.new(-371.236359,26.795584,-232.112091,0.827969,0.105151,-0.550827,0.015564,0.977575,0.210011,0.560557,-0.182456,0.807766),
	CFrame.new(-371.464233,26.677092,-232.232269,0.970308,-0.087406,-0.225527,0.151554,0.946393,0.285258,0.188504,-0.310968,0.931539),
	CFrame.new(-371.464233,26.677092,-232.232269,0.970308,-0.087406,-0.225527,0.151554,0.946393,0.285258,0.188504,-0.310968,0.931539),
	CFrame.new(-371.464233,26.677092,-232.232269,0.970308,-0.087406,-0.225527,0.151554,0.946393,0.285258,0.188504,-0.310968,0.931539),
	CFrame.new(-371.464233,26.677092,-232.232269,0.970308,-0.087406,-0.225527,0.151554,0.946393,0.285258,0.188504,-0.310968,0.931539),
	CFrame.new(-371.464233,26.677092,-232.232269,0.970308,-0.087406,-0.225527,0.151554,0.946393,0.285258,0.188504,-0.310968,0.931539),
	CFrame.new(-371.464233,26.677092,-232.232269,0.970308,-0.087406,-0.225527,0.151554,0.946393,0.285258,0.188504,-0.310968,0.931539),
	CFrame.new(-371.464233,26.677092,-232.232269,0.970308,-0.087406,-0.225527,0.151554,0.946393,0.285258,0.188504,-0.310968,0.931539),
	CFrame.new(-371.464233,26.677092,-232.232269,0.970308,-0.087406,-0.225527,0.151554,0.946393,0.285258,0.188504,-0.310968,0.931539),
	CFrame.new(-371.464233,26.677092,-232.232269,0.970308,-0.087406,-0.225527,0.151554,0.946393,0.285258,0.188504,-0.310968,0.931539),
	CFrame.new(-371.464233,26.677092,-232.232269,0.970308,-0.087406,-0.225527,0.151554,0.946393,0.285258,0.188504,-0.310968,0.931539),
	CFrame.new(-371.586517,26.795584,-232.296753,0.973029,-0.040756,-0.227056,0.088002,0.975415,0.202041,0.213239,-0.216573,0.952694),
	CFrame.new(-371.586517,26.795584,-232.296753,0.973029,-0.040756,-0.227056,0.088002,0.975415,0.202041,0.213239,-0.216573,0.952694),
	CFrame.new(-371.586517,26.795584,-232.296753,0.973029,-0.040756,-0.227056,0.088002,0.975415,0.202041,0.213239,-0.216573,0.952694),
	CFrame.new(-371.586517,26.795584,-232.296753,0.973029,-0.040756,-0.227056,0.088002,0.975415,0.202041,0.213239,-0.216573,0.952694),
	CFrame.new(-371.586517,26.795584,-232.296753,0.973029,-0.040756,-0.227056,0.088002,0.975415,0.202041,0.213239,-0.216574,0.952694),
	CFrame.new(-371.586517,26.795584,-232.296753,0.972353,-0.032492,-0.231244,0.073796,0.982279,0.172285,0.221548,-0.184587,0.957520),
	CFrame.new(-371.586517,26.795584,-232.296753,0.972353,-0.032492,-0.231244,0.073796,0.982279,0.172285,0.221548,-0.184587,0.957520),
	CFrame.new(-371.586517,26.795584,-232.296753,0.972353,-0.032492,-0.231244,0.073796,0.982279,0.172286,0.221548,-0.184587,0.957520),
	CFrame.new(-371.586517,26.795584,-232.296753,0.972353,-0.032492,-0.231244,0.073796,0.982279,0.172286,0.221548,-0.184587,0.957520),
	CFrame.new(-371.586517,26.795584,-232.296753,0.972353,-0.032492,-0.231244,0.073796,0.982279,0.172285,0.221548,-0.184587,0.957520),
	CFrame.new(-371.586517,26.795584,-232.296753,0.972353,-0.032492,-0.231244,0.073796,0.982279,0.172285,0.221548,-0.184587,0.957520),
	CFrame.new(-371.586517,26.795584,-232.296753,0.972353,-0.032492,-0.231244,0.073796,0.982279,0.172285,0.221548,-0.184587,0.957520),
	CFrame.new(-371.586517,26.795584,-232.296753,0.972353,-0.032492,-0.231244,0.073796,0.982279,0.172285,0.221548,-0.184587,0.957520),
	CFrame.new(-371.586517,26.795584,-232.296753,0.930255,0.091163,-0.355408,-0.015565,0.977575,0.210011,0.366583,-0.189832,0.910813),
	CFrame.new(-371.586517,26.795584,-232.296753,0.930255,0.091163,-0.355408,-0.015565,0.977575,0.210011,0.366583,-0.189832,0.910813),
	CFrame.new(-371.586517,26.795584,-232.296753,0.930255,0.091163,-0.355408,-0.015565,0.977575,0.210011,0.366583,-0.189832,0.910813),
	CFrame.new(-371.586517,26.795584,-232.296753,0.930255,0.091163,-0.355408,-0.015565,0.977575,0.210011,0.366583,-0.189832,0.910813),
	CFrame.new(-371.586517,26.795584,-232.296753,0.930255,0.091163,-0.355408,-0.015565,0.977575,0.210011,0.366583,-0.189832,0.910813),
	CFrame.new(-371.586517,26.795584,-232.296753,0.930255,0.091163,-0.355408,-0.015565,0.977575,0.210011,0.366583,-0.189832,0.910813),
	CFrame.new(-371.586517,26.795584,-232.296753,0.930255,0.091163,-0.355408,-0.015565,0.977575,0.210011,0.366583,-0.189832,0.910813),
	CFrame.new(-371.358643,26.677092,-232.176575,0.697296,0.340868,-0.630545,-0.191052,0.936249,0.294852,0.690852,-0.085132,0.717966),
	CFrame.new(-371.358643,26.677092,-232.176575,0.697296,0.340868,-0.630545,-0.191052,0.936249,0.294852,0.690852,-0.085132,0.717966),
	CFrame.new(-371.358643,26.677092,-232.176575,0.697296,0.340868,-0.630545,-0.191052,0.936249,0.294852,0.690852,-0.085132,0.717966),
	CFrame.new(-371.358643,26.677092,-232.176575,0.697296,0.340868,-0.630545,-0.191052,0.936249,0.294852,0.690852,-0.085132,0.717966),
	CFrame.new(-371.358643,26.677092,-232.176575,0.697296,0.340868,-0.630545,-0.191052,0.936249,0.294852,0.690852,-0.085132,0.717966),
	CFrame.new(-371.358643,26.677092,-232.176575,0.697296,0.340868,-0.630545,-0.191052,0.936249,0.294852,0.690852,-0.085132,0.717966),
	CFrame.new(-371.358643,26.677092,-232.176575,0.697296,0.340868,-0.630545,-0.191052,0.936249,0.294852,0.690852,-0.085132,0.717966),
	CFrame.new(-371.236359,26.795584,-232.112091,0.725594,0.201734,-0.657888,-0.088002,0.975415,0.202041,0.682473,-0.088704,0.725509),
	CFrame.new(-371.236359,26.795584,-232.112091,0.725594,0.201734,-0.657888,-0.088002,0.975415,0.202041,0.682473,-0.088704,0.725509),
	CFrame.new(-371.236359,26.795584,-232.112091,0.725594,0.201734,-0.657888,-0.088002,0.975415,0.202041,0.682473,-0.088704,0.725509),
	CFrame.new(-371.236359,26.795584,-232.112091,0.725594,0.201734,-0.657888,-0.088002,0.975415,0.202041,0.682473,-0.088705,0.725509),
	CFrame.new(-371.236359,26.795584,-232.112091,0.725594,0.201734,-0.657888,-0.088002,0.975415,0.202041,0.682473,-0.088705,0.725509),
	CFrame.new(-371.236359,26.795584,-232.112091,0.732069,0.170671,-0.659505,-0.073796,0.982279,0.172285,0.677222,-0.077456,0.731691),
	CFrame.new(-371.236359,26.795584,-232.112091,0.732069,0.170671,-0.659505,-0.073796,0.982279,0.172285,0.677222,-0.077456,0.731691),
	CFrame.new(-371.236359,26.795584,-232.112091,0.732069,0.170671,-0.659505,-0.073796,0.982279,0.172285,0.677222,-0.077456,0.731691),
	CFrame.new(-371.236359,26.795584,-232.112091,0.732069,0.170671,-0.659505,-0.073796,0.982279,0.172285,0.677222,-0.077456,0.731691),
	CFrame.new(-371.236359,26.795584,-232.112091,0.732069,0.170671,-0.659505,-0.073796,0.982279,0.172285,0.677222,-0.077456,0.731691),
	CFrame.new(-371.236359,26.795584,-232.112091,0.827969,0.105151,-0.550827,0.015564,0.977575,0.210011,0.560557,-0.182456,0.807766),
	CFrame.new(-371.236359,26.795584,-232.112091,0.827969,0.105151,-0.550827,0.015564,0.977575,0.210011,0.560557,-0.182456,0.807766),
	CFrame.new(-371.236359,26.795584,-232.112091,0.827969,0.105151,-0.550827,0.015564,0.977575,0.210011,0.560557,-0.182456,0.807766),
	CFrame.new(-371.236359,26.795584,-232.112091,0.827969,0.105151,-0.550827,0.015564,0.977575,0.210011,0.560557,-0.182456,0.807766),
	CFrame.new(-371.236359,26.795584,-232.112091,0.827969,0.105151,-0.550827,0.015564,0.977575,0.210011,0.560557,-0.182456,0.807766),
	CFrame.new(-371.464233,26.677092,-232.232269,0.970308,-0.087406,-0.225527,0.151554,0.946393,0.285258,0.188504,-0.310968,0.931539),
	CFrame.new(-371.464233,26.677092,-232.232269,0.970308,-0.087406,-0.225527,0.151554,0.946393,0.285258,0.188504,-0.310968,0.931539),
	CFrame.new(-371.464233,26.677092,-232.232269,0.970308,-0.087406,-0.225527,0.151554,0.946393,0.285258,0.188504,-0.310968,0.931539),
	CFrame.new(-371.464233,26.677092,-232.232269,0.970308,-0.087406,-0.225527,0.151554,0.946393,0.285258,0.188504,-0.310968,0.931539),
	CFrame.new(-371.464233,26.677092,-232.232269,0.970308,-0.087406,-0.225527,0.151554,0.946393,0.285258,0.188504,-0.310968,0.931539),
	CFrame.new(-371.464233,26.677092,-232.232269,0.970308,-0.087406,-0.225527,0.151554,0.946393,0.285258,0.188504,-0.310968,0.931539),
	CFrame.new(-371.464233,26.677092,-232.232269,0.970308,-0.087406,-0.225527,0.151554,0.946393,0.285258,0.188504,-0.310968,0.931539),
	CFrame.new(-371.464233,26.677092,-232.232269,0.970308,-0.087406,-0.225527,0.151554,0.946393,0.285258,0.188504,-0.310968,0.931539),
	CFrame.new(-371.464233,26.677092,-232.232269,0.970308,-0.087406,-0.225527,0.151554,0.946393,0.285258,0.188504,-0.310968,0.931539),
	CFrame.new(-371.464233,26.677092,-232.232269,0.970308,-0.087406,-0.225527,0.151554,0.946393,0.285258,0.188504,-0.310968,0.931539),
	CFrame.new(-371.586517,26.795584,-232.296753,0.973029,-0.040756,-0.227056,0.088002,0.975415,0.202041,0.213239,-0.216573,0.952694),
	CFrame.new(-371.586517,26.795584,-232.296753,0.973029,-0.040756,-0.227056,0.088002,0.975415,0.202041,0.213239,-0.216573,0.952694),
	CFrame.new(-371.586517,26.795584,-232.296753,0.973029,-0.040756,-0.227056,0.088002,0.975415,0.202041,0.213239,-0.216573,0.952694),
	CFrame.new(-371.586517,26.795584,-232.296753,0.973029,-0.040756,-0.227056,0.088002,0.975415,0.202041,0.213239,-0.216573,0.952694),
	CFrame.new(-371.586517,26.795584,-232.296753,0.973029,-0.040756,-0.227056,0.088002,0.975415,0.202041,0.213239,-0.216574,0.952694),
	CFrame.new(-371.586517,26.795584,-232.296753,0.972353,-0.032492,-0.231244,0.073796,0.982279,0.172285,0.221548,-0.184587,0.957520),
	CFrame.new(-371.586517,26.795584,-232.296753,0.972353,-0.032492,-0.231244,0.073796,0.982279,0.172286,0.221548,-0.184587,0.957520),
	CFrame.new(-371.586517,26.795584,-232.296753,0.972353,-0.032492,-0.231244,0.073796,0.982279,0.172286,0.221548,-0.184587,0.957520),
	CFrame.new(-371.586517,26.795584,-232.296753,0.972353,-0.032492,-0.231244,0.073796,0.982279,0.172285,0.221548,-0.184587,0.957520),
	CFrame.new(-371.586517,26.795584,-232.296753,0.972353,-0.032492,-0.231244,0.073796,0.982279,0.172285,0.221548,-0.184587,0.957520),
	CFrame.new(-371.586517,26.795584,-232.296753,0.972353,-0.032492,-0.231244,0.073796,0.982279,0.172285,0.221548,-0.184587,0.957520),
	CFrame.new(-371.586517,26.795584,-232.296753,0.972353,-0.032492,-0.231244,0.073796,0.982279,0.172285,0.221548,-0.184587,0.957520),
	CFrame.new(-371.586517,26.795584,-232.296753,0.972353,-0.032492,-0.231244,0.073796,0.982279,0.172285,0.221548,-0.184587,0.957520),
	CFrame.new(-371.586517,26.795584,-232.296753,0.930255,0.091163,-0.355408,-0.015565,0.977575,0.210011,0.366583,-0.189832,0.910813),
	CFrame.new(-371.586517,26.795584,-232.296753,0.930255,0.091163,-0.355408,-0.015565,0.977575,0.210011,0.366583,-0.189832,0.910813),
	CFrame.new(-371.586517,26.795584,-232.296753,0.930255,0.091163,-0.355408,-0.015565,0.977575,0.210011,0.366583,-0.189832,0.910813),
	CFrame.new(-371.586517,26.795584,-232.296753,0.930255,0.091163,-0.355408,-0.015565,0.977575,0.210011,0.366583,-0.189832,0.910813),
	CFrame.new(-371.586517,26.795584,-232.296753,0.930255,0.091163,-0.355408,-0.015565,0.977575,0.210011,0.366583,-0.189832,0.910813),
	CFrame.new(-371.586517,26.795584,-232.296753,0.930255,0.091163,-0.355408,-0.015565,0.977575,0.210011,0.366583,-0.189832,0.910813),
	CFrame.new(-371.586517,26.795584,-232.296753,0.930255,0.091163,-0.355408,-0.015565,0.977575,0.210011,0.366583,-0.189832,0.910813),
	CFrame.new(-371.358643,26.677092,-232.176575,0.697296,0.340868,-0.630545,-0.191052,0.936249,0.294852,0.690852,-0.085132,0.717966),
	CFrame.new(-371.358643,26.677092,-232.176575,0.697296,0.340868,-0.630545,-0.191052,0.936249,0.294852,0.690852,-0.085132,0.717966),
	CFrame.new(-371.358643,26.677092,-232.176575,0.697296,0.340868,-0.630545,-0.191052,0.936249,0.294852,0.690852,-0.085132,0.717966),
	CFrame.new(-371.358643,26.677092,-232.176575,0.697296,0.340868,-0.630545,-0.191052,0.936249,0.294852,0.690852,-0.085132,0.717966),
	CFrame.new(-371.358643,26.677092,-232.176575,0.697296,0.340868,-0.630545,-0.191052,0.936249,0.294852,0.690852,-0.085132,0.717966),
	CFrame.new(-371.358643,26.677092,-232.176575,0.697296,0.340868,-0.630545,-0.191052,0.936249,0.294852,0.690852,-0.085132,0.717966),
	CFrame.new(-371.358643,26.677092,-232.176575,0.697296,0.340868,-0.630545,-0.191052,0.936249,0.294852,0.690852,-0.085132,0.717966),
	CFrame.new(-371.358643,26.677092,-232.176575,0.697296,0.340868,-0.630545,-0.191052,0.936249,0.294852,0.690852,-0.085132,0.717966),
	CFrame.new(-371.236359,26.795584,-232.112091,0.725594,0.201734,-0.657888,-0.088002,0.975415,0.202041,0.682473,-0.088704,0.725509),
	CFrame.new(-371.236359,26.795584,-232.112091,0.725594,0.201734,-0.657888,-0.088002,0.975415,0.202041,0.682473,-0.088704,0.725509),
	CFrame.new(-371.236359,26.795584,-232.112091,0.725594,0.201734,-0.657888,-0.088002,0.975415,0.202041,0.682473,-0.088704,0.725509),
	CFrame.new(-371.236359,26.795584,-232.112091,0.725594,0.201734,-0.657888,-0.088002,0.975415,0.202041,0.682473,-0.088705,0.725509),
	CFrame.new(-371.236359,26.795584,-232.112091,0.725594,0.201734,-0.657888,-0.088002,0.975415,0.202041,0.682473,-0.088705,0.725509),
	CFrame.new(-371.236359,26.795584,-232.112091,0.732069,0.170671,-0.659505,-0.073796,0.982279,0.172285,0.677222,-0.077456,0.731691),
	CFrame.new(-371.236359,26.795584,-232.112091,0.732069,0.170671,-0.659505,-0.073796,0.982279,0.172285,0.677222,-0.077456,0.731691),
	CFrame.new(-371.236359,26.795584,-232.112091,0.732069,0.170671,-0.659505,-0.073796,0.982279,0.172285,0.677222,-0.077456,0.731691),
	CFrame.new(-371.236359,26.795584,-232.112091,0.732069,0.170671,-0.659505,-0.073796,0.982279,0.172285,0.677222,-0.077456,0.731691),
	CFrame.new(-371.236359,26.795584,-232.112091,0.732069,0.170671,-0.659505,-0.073796,0.982279,0.172285,0.677222,-0.077456,0.731691),
	CFrame.new(-371.236359,26.795584,-232.112091,0.827969,0.105151,-0.550827,0.015564,0.977575,0.210011,0.560557,-0.182456,0.807766),
	CFrame.new(-371.236359,26.795584,-232.112091,0.827969,0.105151,-0.550827,0.015564,0.977575,0.210011,0.560557,-0.182456,0.807766),
	CFrame.new(-371.236359,26.795584,-232.112091,0.827969,0.105151,-0.550827,0.015564,0.977575,0.210011,0.560557,-0.182456,0.807766),
	CFrame.new(-371.236359,26.795584,-232.112091,0.827969,0.105151,-0.550827,0.015564,0.977575,0.210011,0.560557,-0.182456,0.807766),
	CFrame.new(-371.236359,26.795584,-232.112091,0.827969,0.105151,-0.550827,0.015564,0.977575,0.210011,0.560557,-0.182456,0.807766),
	CFrame.new(-371.464233,26.677092,-232.232269,0.970308,-0.087406,-0.225527,0.151554,0.946393,0.285258,0.188504,-0.310968,0.931539),
	CFrame.new(-371.464233,26.677092,-232.232269,0.970308,-0.087406,-0.225527,0.151554,0.946393,0.285258,0.188504,-0.310968,0.931539),
	CFrame.new(-371.464233,26.677092,-232.232269,0.970308,-0.087406,-0.225527,0.151554,0.946393,0.285258,0.188504,-0.310968,0.931539),
	CFrame.new(-371.464233,26.677092,-232.232269,0.970308,-0.087406,-0.225527,0.151554,0.946393,0.285258,0.188504,-0.310968,0.931539),
	CFrame.new(-371.464233,26.677092,-232.232269,0.970308,-0.087406,-0.225527,0.151554,0.946393,0.285258,0.188504,-0.310968,0.931539),
	CFrame.new(-371.464233,26.677092,-232.232269,0.970308,-0.087406,-0.225527,0.151554,0.946393,0.285258,0.188504,-0.310968,0.931539),
	CFrame.new(-371.464233,26.677092,-232.232269,0.970308,-0.087406,-0.225527,0.151554,0.946393,0.285258,0.188504,-0.310968,0.931539),
	CFrame.new(-371.464233,26.677092,-232.232269,0.970308,-0.087406,-0.225527,0.151554,0.946393,0.285258,0.188504,-0.310968,0.931539),
	CFrame.new(-371.464233,26.677092,-232.232269,0.970308,-0.087406,-0.225527,0.151554,0.946393,0.285258,0.188504,-0.310968,0.931539),
	CFrame.new(-371.586517,26.795584,-232.296753,0.973029,-0.040756,-0.227056,0.088002,0.975415,0.202041,0.213239,-0.216573,0.952694),
	CFrame.new(-371.586517,26.795584,-232.296753,0.973029,-0.040756,-0.227056,0.088002,0.975415,0.202041,0.213239,-0.216573,0.952694),
	CFrame.new(-371.586517,26.795584,-232.296753,0.973029,-0.040756,-0.227056,0.088002,0.975415,0.202041,0.213239,-0.216573,0.952694),
	CFrame.new(-371.586517,26.795584,-232.296753,0.973029,-0.040756,-0.227056,0.088002,0.975415,0.202041,0.213239,-0.216573,0.952694),
	CFrame.new(-371.586517,26.795584,-232.296753,0.973029,-0.040756,-0.227056,0.088002,0.975415,0.202041,0.213239,-0.216573,0.952694),
	CFrame.new(-371.586517,26.795584,-232.296753,0.972353,-0.032492,-0.231244,0.073796,0.982279,0.172285,0.221548,-0.184587,0.957520),
	CFrame.new(-371.586517,26.795584,-232.296753,0.972353,-0.032492,-0.231244,0.073796,0.982279,0.172285,0.221548,-0.184587,0.957520),
	CFrame.new(-371.586517,26.795584,-232.296753,0.972353,-0.032492,-0.231244,0.073796,0.982279,0.172285,0.221548,-0.184587,0.957520),
	CFrame.new(-371.586517,26.795584,-232.296753,0.972353,-0.032492,-0.231244,0.073796,0.982279,0.172286,0.221548,-0.184587,0.957520),
	CFrame.new(-371.586517,26.795584,-232.296753,0.972353,-0.032492,-0.231244,0.073796,0.982279,0.172286,0.221548,-0.184587,0.957520),
	CFrame.new(-371.586517,26.795584,-232.296753,0.972353,-0.032492,-0.231244,0.073796,0.982279,0.172285,0.221548,-0.184587,0.957520),
	CFrame.new(-371.586517,26.795584,-232.296753,0.972353,-0.032492,-0.231244,0.073796,0.982279,0.172285,0.221548,-0.184587,0.957520),
	CFrame.new(-371.586517,26.795584,-232.296753,0.972353,-0.032492,-0.231244,0.073796,0.982279,0.172285,0.221548,-0.184587,0.957520),
	CFrame.new(-371.586517,26.795584,-232.296753,0.930255,0.091163,-0.355408,-0.015565,0.977575,0.210011,0.366583,-0.189832,0.910813),
	CFrame.new(-371.586517,26.795584,-232.296753,0.930255,0.091163,-0.355408,-0.015565,0.977575,0.210011,0.366583,-0.189832,0.910813),
	CFrame.new(-371.586517,26.795584,-232.296753,0.930255,0.091163,-0.355408,-0.015565,0.977575,0.210011,0.366583,-0.189832,0.910813),
	CFrame.new(-371.586517,26.795584,-232.296753,0.930255,0.091163,-0.355408,-0.015565,0.977575,0.210011,0.366583,-0.189832,0.910813),
	CFrame.new(-371.586517,26.795584,-232.296753,0.930255,0.091163,-0.355408,-0.015565,0.977575,0.210011,0.366583,-0.189832,0.910813),
	CFrame.new(-371.586517,26.795584,-232.296753,0.930255,0.091163,-0.355408,-0.015565,0.977575,0.210011,0.366583,-0.189832,0.910813),
	CFrame.new(-371.586517,26.795584,-232.296753,0.930255,0.091163,-0.355408,-0.015565,0.977575,0.210011,0.366583,-0.189832,0.910813),
	CFrame.new(-371.358643,26.677092,-232.176575,0.697296,0.340868,-0.630545,-0.191052,0.936249,0.294852,0.690852,-0.085132,0.717966),
	CFrame.new(-371.358643,26.677092,-232.176575,0.697296,0.340868,-0.630545,-0.191052,0.936249,0.294852,0.690852,-0.085132,0.717966),
	CFrame.new(-371.358643,26.677092,-232.176575,0.697296,0.340868,-0.630545,-0.191052,0.936249,0.294852,0.690852,-0.085132,0.717966),
	CFrame.new(-371.358643,26.677092,-232.176575,0.697296,0.340868,-0.630545,-0.191052,0.936249,0.294852,0.690852,-0.085132,0.717966),
	CFrame.new(-371.358643,26.677092,-232.176575,0.697296,0.340868,-0.630545,-0.191052,0.936249,0.294852,0.690852,-0.085132,0.717966),
	CFrame.new(-371.358643,26.677092,-232.176575,0.697296,0.340868,-0.630545,-0.191052,0.936249,0.294852,0.690852,-0.085132,0.717966),
	CFrame.new(-371.358643,26.677092,-232.176575,0.697296,0.340868,-0.630545,-0.191052,0.936249,0.294852,0.690852,-0.085132,0.717966),
	CFrame.new(-371.358643,26.677092,-232.176575,0.697296,0.340868,-0.630545,-0.191052,0.936249,0.294852,0.690852,-0.085132,0.717966),
	CFrame.new(-371.236359,26.795584,-232.112091,0.725594,0.201734,-0.657888,-0.088002,0.975415,0.202041,0.682473,-0.088704,0.725509),
	CFrame.new(-371.236359,26.795584,-232.112091,0.725594,0.201734,-0.657888,-0.088002,0.975415,0.202041,0.682473,-0.088704,0.725509),
	CFrame.new(-371.236359,26.795584,-232.112091,0.725594,0.201734,-0.657888,-0.088002,0.975415,0.202041,0.682473,-0.088704,0.725509),
	CFrame.new(-371.236359,26.795584,-232.112091,0.725594,0.201734,-0.657888,-0.088002,0.975415,0.202041,0.682473,-0.088705,0.725509),
	CFrame.new(-371.236359,26.795584,-232.112091,0.732069,0.170671,-0.659505,-0.073796,0.982279,0.172285,0.677222,-0.077456,0.731691),
	CFrame.new(-371.236359,26.795584,-232.112091,0.732069,0.170671,-0.659505,-0.073796,0.982279,0.172285,0.677222,-0.077456,0.731691),
	CFrame.new(-371.236359,26.795584,-232.112091,0.732069,0.170671,-0.659505,-0.073796,0.982279,0.172285,0.677222,-0.077456,0.731691),
	CFrame.new(-371.236359,26.795584,-232.112091,0.732069,0.170671,-0.659505,-0.073796,0.982279,0.172285,0.677222,-0.077456,0.731691),
	CFrame.new(-371.236359,26.795584,-232.112091,0.732069,0.170671,-0.659505,-0.073796,0.982279,0.172285,0.677222,-0.077456,0.731691),
	CFrame.new(-371.236359,26.795584,-232.112091,0.827969,0.105151,-0.550827,0.015564,0.977575,0.210011,0.560557,-0.182456,0.807766),
	CFrame.new(-371.236359,26.795584,-232.112091,0.827969,0.105151,-0.550827,0.015564,0.977575,0.210011,0.560557,-0.182456,0.807766),
	CFrame.new(-371.236359,26.795584,-232.112091,0.827969,0.105151,-0.550827,0.015564,0.977575,0.210011,0.560557,-0.182456,0.807766),
	CFrame.new(-371.236359,26.795584,-232.112091,0.827969,0.105151,-0.550827,0.015564,0.977575,0.210011,0.560557,-0.182456,0.807766),
	CFrame.new(-371.236359,26.795584,-232.112091,0.827969,0.105151,-0.550827,0.015564,0.977575,0.210011,0.560557,-0.182456,0.807766),
	CFrame.new(-371.464233,26.677092,-232.232269,0.970308,-0.087406,-0.225527,0.151554,0.946393,0.285258,0.188504,-0.310968,0.931539),
	CFrame.new(-371.464233,26.677092,-232.232269,0.970308,-0.087406,-0.225527,0.151554,0.946393,0.285258,0.188504,-0.310968,0.931539),
	CFrame.new(-371.464233,26.677092,-232.232269,0.970308,-0.087406,-0.225527,0.151554,0.946393,0.285258,0.188504,-0.310968,0.931539),
	CFrame.new(-371.464233,26.677092,-232.232269,0.970308,-0.087406,-0.225527,0.151554,0.946393,0.285258,0.188504,-0.310968,0.931539),
	CFrame.new(-371.464233,26.677092,-232.232269,0.970308,-0.087406,-0.225527,0.151554,0.946393,0.285258,0.188504,-0.310968,0.931539),
	CFrame.new(-371.464233,26.677092,-232.232269,0.970308,-0.087406,-0.225527,0.151554,0.946393,0.285258,0.188504,-0.310968,0.931539),
	CFrame.new(-371.464233,26.677092,-232.232269,0.970308,-0.087406,-0.225527,0.151554,0.946393,0.285258,0.188504,-0.310968,0.931539),
	CFrame.new(-371.464233,26.677092,-232.232269,0.970308,-0.087406,-0.225527,0.151554,0.946393,0.285258,0.188504,-0.310968,0.931539),
	CFrame.new(-371.464233,26.677092,-232.232269,0.970308,-0.087406,-0.225527,0.151554,0.946393,0.285258,0.188504,-0.310968,0.931539),
	CFrame.new(-371.464233,26.677092,-232.232269,0.970308,-0.087406,-0.225527,0.151554,0.946393,0.285258,0.188504,-0.310968,0.931539),
	CFrame.new(-371.464233,26.677092,-232.232269,0.970308,-0.087406,-0.225527,0.151554,0.946393,0.285258,0.188504,-0.310968,0.931539),
	CFrame.new(-371.586517,26.795584,-232.296753,0.973029,-0.040756,-0.227056,0.088002,0.975415,0.202041,0.213239,-0.216573,0.952694),
	CFrame.new(-371.586517,26.795584,-232.296753,0.973029,-0.040756,-0.227056,0.088002,0.975415,0.202041,0.213239,-0.216573,0.952694),
	CFrame.new(-371.586517,26.795584,-232.296753,0.973029,-0.040756,-0.227056,0.088002,0.975415,0.202041,0.213239,-0.216573,0.952694),
	CFrame.new(-371.586517,26.795584,-232.296753,0.973029,-0.040756,-0.227056,0.088002,0.975415,0.202041,0.213239,-0.216573,0.952694),
	CFrame.new(-371.586517,26.795584,-232.296753,0.973029,-0.040756,-0.227056,0.088002,0.975415,0.202041,0.213239,-0.216574,0.952694),
	CFrame.new(-371.586517,26.795584,-232.296753,0.972353,-0.032492,-0.231244,0.073796,0.982279,0.172285,0.221548,-0.184587,0.957520),
	CFrame.new(-371.586517,26.795584,-232.296753,0.972353,-0.032492,-0.231244,0.073796,0.982279,0.172285,0.221548,-0.184587,0.957520),
	CFrame.new(-371.586517,26.795584,-232.296753,0.972353,-0.032492,-0.231244,0.073796,0.982279,0.172286,0.221548,-0.184587,0.957520),
	CFrame.new(-371.586517,26.795584,-232.296753,0.972353,-0.032492,-0.231244,0.073796,0.982279,0.172286,0.221548,-0.184587,0.957520),
	CFrame.new(-371.586517,26.795584,-232.296753,0.972353,-0.032492,-0.231244,0.073796,0.982279,0.172285,0.221548,-0.184587,0.957520),
	CFrame.new(-371.586517,26.795584,-232.296753,0.972353,-0.032492,-0.231244,0.073796,0.982279,0.172285,0.221548,-0.184587,0.957520),
	CFrame.new(-371.586517,26.795584,-232.296753,0.972353,-0.032492,-0.231244,0.073796,0.982279,0.172285,0.221548,-0.184587,0.957520),
	CFrame.new(-371.586517,26.795584,-232.296753,0.972353,-0.032492,-0.231244,0.073796,0.982279,0.172285,0.221548,-0.184587,0.957520),
	CFrame.new(-371.586517,26.795584,-232.296753,0.930255,0.091163,-0.355408,-0.015565,0.977575,0.210011,0.366583,-0.189832,0.910813),
	CFrame.new(-371.586517,26.795584,-232.296753,0.930255,0.091163,-0.355408,-0.015565,0.977575,0.210011,0.366583,-0.189832,0.910813),
	CFrame.new(-371.586517,26.795584,-232.296753,0.930255,0.091163,-0.355408,-0.015565,0.977575,0.210011,0.366583,-0.189832,0.910813),
	CFrame.new(-371.586517,26.795584,-232.296753,0.930255,0.091163,-0.355408,-0.015565,0.977575,0.210011,0.366583,-0.189832,0.910813),
	CFrame.new(-371.586517,26.795584,-232.296753,0.930255,0.091163,-0.355408,-0.015565,0.977575,0.210011,0.366583,-0.189832,0.910813),
	CFrame.new(-371.586517,26.795584,-232.296753,0.930255,0.091163,-0.355408,-0.015565,0.977575,0.210011,0.366583,-0.189832,0.910813),
	CFrame.new(-371.586517,26.795584,-232.296753,0.930255,0.091163,-0.355408,-0.015565,0.977575,0.210011,0.366583,-0.189832,0.910813),
	CFrame.new(-371.358643,26.677092,-232.176575,0.697296,0.340868,-0.630545,-0.191052,0.936249,0.294852,0.690852,-0.085132,0.717966),
	CFrame.new(-371.358643,26.677092,-232.176575,0.697296,0.340868,-0.630545,-0.191052,0.936249,0.294852,0.690852,-0.085132,0.717966),
	CFrame.new(-371.358643,26.677092,-232.176575,0.697296,0.340868,-0.630545,-0.191052,0.936249,0.294852,0.690852,-0.085132,0.717966),
	CFrame.new(-371.358643,26.677092,-232.176575,0.697296,0.340868,-0.630545,-0.191052,0.936249,0.294852,0.690852,-0.085132,0.717966),
	CFrame.new(-371.358643,26.677092,-232.176575,0.697296,0.340868,-0.630545,-0.191052,0.936249,0.294852,0.690852,-0.085132,0.717966),
	CFrame.new(-371.358643,26.677092,-232.176575,0.697296,0.340868,-0.630545,-0.191052,0.936249,0.294852,0.690852,-0.085132,0.717966),
	CFrame.new(-371.358643,26.677092,-232.176575,0.697296,0.340868,-0.630545,-0.191052,0.936249,0.294852,0.690852,-0.085132,0.717966),
	CFrame.new(-371.358643,26.677092,-232.176575,0.697296,0.340868,-0.630545,-0.191053,0.936249,0.294852,0.690852,-0.085132,0.717966),
	CFrame.new(-371.236359,26.795584,-232.112091,0.725594,0.201734,-0.657888,-0.088002,0.975415,0.202041,0.682473,-0.088704,0.725509),
	CFrame.new(-371.236359,26.795584,-232.112091,0.725594,0.201734,-0.657888,-0.088002,0.975415,0.202041,0.682473,-0.088704,0.725509),
	CFrame.new(-371.236359,26.795584,-232.112091,0.725594,0.201734,-0.657888,-0.088002,0.975415,0.202041,0.682473,-0.088705,0.725509),
	CFrame.new(-371.236359,26.795584,-232.112091,0.725594,0.201734,-0.657888,-0.088002,0.975415,0.202041,0.682473,-0.088705,0.725509),
	CFrame.new(-371.236359,26.795584,-232.112091,0.725594,0.201734,-0.657888,-0.088002,0.975415,0.202041,0.682473,-0.088705,0.725509),
	CFrame.new(-371.236359,26.795584,-232.112091,0.732069,0.170671,-0.659505,-0.073796,0.982279,0.172285,0.677222,-0.077456,0.731691),
	CFrame.new(-371.236359,26.795584,-232.112091,0.732069,0.170671,-0.659505,-0.073796,0.982279,0.172285,0.677222,-0.077456,0.731691),
	CFrame.new(-371.236359,26.795584,-232.112091,0.732069,0.170671,-0.659505,-0.073796,0.982279,0.172285,0.677222,-0.077456,0.731691),
	CFrame.new(-371.236359,26.795584,-232.112091,0.732069,0.170671,-0.659505,-0.073796,0.982279,0.172285,0.677222,-0.077456,0.731691),
	CFrame.new(-371.236359,26.795584,-232.112091,0.827969,0.105151,-0.550827,0.015564,0.977575,0.210011,0.560557,-0.182456,0.807766),
	CFrame.new(-371.236359,26.795584,-232.112091,0.827969,0.105151,-0.550827,0.015564,0.977575,0.210011,0.560557,-0.182456,0.807766),
	CFrame.new(-371.236359,26.795584,-232.112091,0.827969,0.105151,-0.550827,0.015564,0.977575,0.210011,0.560557,-0.182456,0.807766),
	CFrame.new(-371.236359,26.795584,-232.112091,0.827969,0.105151,-0.550827,0.015564,0.977575,0.210011,0.560557,-0.182456,0.807766),
	CFrame.new(-371.236359,26.795584,-232.112091,0.827969,0.105151,-0.550827,0.015564,0.977575,0.210011,0.560557,-0.182456,0.807766),
	CFrame.new(-371.464233,26.677092,-232.232269,0.970308,-0.087406,-0.225527,0.151554,0.946393,0.285258,0.188504,-0.310968,0.931539),
	CFrame.new(-371.464233,26.677092,-232.232269,0.970308,-0.087406,-0.225527,0.151554,0.946393,0.285258,0.188504,-0.310968,0.931539),
	CFrame.new(-371.464233,26.677092,-232.232269,0.970308,-0.087406,-0.225527,0.151554,0.946393,0.285258,0.188504,-0.310968,0.931539),
	CFrame.new(-371.464233,26.677092,-232.232269,0.970308,-0.087406,-0.225527,0.151554,0.946393,0.285258,0.188504,-0.310968,0.931539),
	CFrame.new(-371.464233,26.677092,-232.232269,0.970308,-0.087406,-0.225527,0.151554,0.946393,0.285258,0.188504,-0.310968,0.931539),
	CFrame.new(-371.464233,26.677092,-232.232269,0.970308,-0.087406,-0.225527,0.151554,0.946393,0.285258,0.188504,-0.310968,0.931539),
	CFrame.new(-371.464233,26.677092,-232.232269,0.970308,-0.087406,-0.225527,0.151554,0.946393,0.285258,0.188504,-0.310968,0.931539),
	CFrame.new(-371.464233,26.677092,-232.232269,0.970308,-0.087406,-0.225527,0.151554,0.946393,0.285258,0.188504,-0.310968,0.931539),
	CFrame.new(-371.586517,26.795584,-232.296753,0.973029,-0.040756,-0.227056,0.088002,0.975415,0.202041,0.213239,-0.216573,0.952694),
	CFrame.new(-371.586517,26.795584,-232.296753,0.973029,-0.040756,-0.227056,0.088002,0.975415,0.202041,0.213239,-0.216573,0.952694),
	CFrame.new(-371.586517,26.795584,-232.296753,0.973029,-0.040756,-0.227056,0.088002,0.975415,0.202041,0.213239,-0.216573,0.952694),
	CFrame.new(-371.586517,26.795584,-232.296753,0.973029,-0.040756,-0.227056,0.088002,0.975415,0.202041,0.213239,-0.216573,0.952694),
	CFrame.new(-371.586517,26.795584,-232.296753,0.972353,-0.032492,-0.231244,0.073796,0.982279,0.172285,0.221548,-0.184587,0.957520),
	CFrame.new(-371.586517,26.795584,-232.296753,0.972353,-0.032492,-0.231244,0.073796,0.982279,0.172286,0.221548,-0.184587,0.957520),
	CFrame.new(-371.586517,26.795584,-232.296753,0.972353,-0.032492,-0.231244,0.073796,0.982279,0.172286,0.221548,-0.184587,0.957520),
	CFrame.new(-371.586517,26.795584,-232.296753,0.972353,-0.032492,-0.231244,0.073796,0.982279,0.172285,0.221548,-0.184587,0.957520),
	CFrame.new(-371.586517,26.795584,-232.296753,0.972353,-0.032492,-0.231244,0.073796,0.982279,0.172285,0.221548,-0.184587,0.957520),
	CFrame.new(-371.586517,26.795584,-232.296753,0.972353,-0.032492,-0.231244,0.073796,0.982279,0.172285,0.221548,-0.184587,0.957520),
	CFrame.new(-371.586517,26.795584,-232.296753,0.930255,0.091163,-0.355408,-0.015565,0.977575,0.210011,0.366583,-0.189832,0.910813),
	CFrame.new(-371.586517,26.795584,-232.296753,0.930255,0.091163,-0.355408,-0.015565,0.977575,0.210011,0.366583,-0.189832,0.910813),
	CFrame.new(-371.586517,26.795584,-232.296753,0.930255,0.091163,-0.355408,-0.015565,0.977575,0.210011,0.366583,-0.189832,0.910813),
	CFrame.new(-371.586517,26.795584,-232.296753,0.930255,0.091163,-0.355408,-0.015565,0.977575,0.210011,0.366583,-0.189832,0.910813),
	CFrame.new(-371.586517,26.795584,-232.296753,0.930255,0.091163,-0.355408,-0.015565,0.977575,0.210011,0.366583,-0.189832,0.910813),
	CFrame.new(-371.358643,26.677092,-232.176575,0.697296,0.340868,-0.630545,-0.191052,0.936249,0.294852,0.690852,-0.085132,0.717966),
	CFrame.new(-371.358643,26.677092,-232.176575,0.697296,0.340868,-0.630545,-0.191052,0.936249,0.294852,0.690852,-0.085132,0.717966),
	CFrame.new(-371.358643,26.677092,-232.176575,0.697296,0.340868,-0.630545,-0.191052,0.936249,0.294852,0.690852,-0.085132,0.717966),
	CFrame.new(-371.358643,26.677092,-232.176575,0.697296,0.340868,-0.630545,-0.191052,0.936249,0.294852,0.690852,-0.085132,0.717966),
	CFrame.new(-371.358643,26.677092,-232.176575,0.697296,0.340868,-0.630545,-0.191052,0.936249,0.294852,0.690852,-0.085132,0.717966),
	CFrame.new(-371.358643,26.677092,-232.176575,0.697296,0.340868,-0.630545,-0.191053,0.936249,0.294852,0.690852,-0.085132,0.717966),
	CFrame.new(-371.236359,26.795584,-232.112091,0.725594,0.201734,-0.657888,-0.088002,0.975415,0.202041,0.682473,-0.088704,0.725509),
	CFrame.new(-371.236359,26.795584,-232.112091,0.725594,0.201734,-0.657888,-0.088002,0.975415,0.202041,0.682473,-0.088705,0.725509),
	CFrame.new(-371.236359,26.795584,-232.112091,0.725594,0.201734,-0.657888,-0.088002,0.975415,0.202041,0.682473,-0.088705,0.725509),
	CFrame.new(-371.236359,26.795584,-232.112091,0.725594,0.201734,-0.657888,-0.088002,0.975415,0.202042,0.682473,-0.088705,0.725509),
	CFrame.new(-371.236359,26.795584,-232.112091,0.732069,0.170671,-0.659505,-0.073796,0.982279,0.172285,0.677222,-0.077456,0.731691),
	CFrame.new(-371.236359,26.795584,-232.112091,0.732069,0.170671,-0.659505,-0.073796,0.982279,0.172285,0.677222,-0.077456,0.731691),
	CFrame.new(-371.236359,26.795584,-232.112091,0.732069,0.170671,-0.659505,-0.073796,0.982279,0.172285,0.677222,-0.077456,0.731691),
	CFrame.new(-371.236359,26.795584,-232.112091,0.827969,0.105151,-0.550827,0.015564,0.977575,0.210011,0.560557,-0.182456,0.807766),
	CFrame.new(-371.236359,26.795584,-232.112091,0.827969,0.105151,-0.550827,0.015564,0.977575,0.210011,0.560557,-0.182456,0.807766),
	CFrame.new(-371.236359,26.795584,-232.112091,0.827969,0.105151,-0.550827,0.015564,0.977575,0.210011,0.560557,-0.182456,0.807766),
	CFrame.new(-371.236359,26.795584,-232.112091,0.827969,0.105151,-0.550827,0.015564,0.977575,0.210011,0.560557,-0.182456,0.807766),
	CFrame.new(-371.464233,26.677092,-232.232269,0.970308,-0.087406,-0.225527,0.151554,0.946393,0.285258,0.188504,-0.310968,0.931539),
	CFrame.new(-371.464233,26.677092,-232.232269,0.970308,-0.087406,-0.225527,0.151554,0.946393,0.285258,0.188504,-0.310968,0.931539),
	CFrame.new(-371.464233,26.677092,-232.232269,0.970308,-0.087406,-0.225527,0.151554,0.946393,0.285258,0.188504,-0.310968,0.931539),
	CFrame.new(-371.464233,26.677092,-232.232269,0.970308,-0.087406,-0.225527,0.151554,0.946393,0.285258,0.188504,-0.310968,0.931539),
	CFrame.new(-371.464233,26.677092,-232.232269,0.970308,-0.087406,-0.225527,0.151554,0.946393,0.285258,0.188504,-0.310968,0.931539),
	CFrame.new(-371.464233,26.677092,-232.232269,0.970308,-0.087406,-0.225527,0.151554,0.946393,0.285258,0.188504,-0.310968,0.931539),
	CFrame.new(-371.464233,26.677092,-232.232269,0.970308,-0.087406,-0.225527,0.151554,0.946393,0.285258,0.188504,-0.310968,0.931539),
	CFrame.new(-371.464233,26.677092,-232.232269,0.970308,-0.087406,-0.225527,0.151554,0.946393,0.285258,0.188504,-0.310968,0.931539),
	CFrame.new(-371.586517,26.795584,-232.296753,0.973029,-0.040756,-0.227056,0.088002,0.975415,0.202041,0.213239,-0.216573,0.952694),
	CFrame.new(-371.586517,26.795584,-232.296753,0.973029,-0.040756,-0.227056,0.088002,0.975415,0.202041,0.213239,-0.216573,0.952694),
	CFrame.new(-371.586517,26.795584,-232.296753,0.973029,-0.040756,-0.227056,0.088002,0.975415,0.202041,0.213239,-0.216574,0.952694),
	CFrame.new(-371.586517,26.795584,-232.296753,0.972353,-0.032492,-0.231244,0.073796,0.982279,0.172285,0.221548,-0.184587,0.957520),
	CFrame.new(-371.586517,26.795584,-232.296753,0.972353,-0.032492,-0.231244,0.073796,0.982279,0.172286,0.221548,-0.184587,0.957520),
	CFrame.new(-371.586517,26.795584,-232.296753,0.972353,-0.032492,-0.231244,0.073796,0.982279,0.172286,0.221548,-0.184587,0.957520),
	CFrame.new(-371.586517,26.795584,-232.296753,0.972353,-0.032492,-0.231244,0.073796,0.982279,0.172285,0.221548,-0.184587,0.957520),
	CFrame.new(-371.586517,26.795584,-232.296753,0.972353,-0.032492,-0.231244,0.073796,0.982279,0.172285,0.221548,-0.184587,0.957520),
	CFrame.new(-371.586517,26.795584,-232.296753,0.972353,-0.032492,-0.231244,0.073796,0.982279,0.172285,0.221548,-0.184587,0.957520),
	CFrame.new(-371.586517,26.795584,-232.296753,0.972353,-0.032492,-0.231243,0.073796,0.982279,0.172285,0.221548,-0.184587,0.957520),
	CFrame.new(-371.586517,26.795584,-232.296753,0.930255,0.091163,-0.355408,-0.015565,0.977575,0.210011,0.366583,-0.189832,0.910813),
	CFrame.new(-371.586517,26.795584,-232.296753,0.930255,0.091163,-0.355408,-0.015565,0.977575,0.210011,0.366583,-0.189832,0.910813),
	CFrame.new(-371.586517,26.795584,-232.296753,0.930255,0.091163,-0.355408,-0.015565,0.977575,0.210011,0.366583,-0.189832,0.910813),
	CFrame.new(-371.586517,26.795584,-232.296753,0.930255,0.091163,-0.355408,-0.015565,0.977575,0.210011,0.366583,-0.189832,0.910813),
	CFrame.new(-371.586517,26.795584,-232.296753,0.930255,0.091163,-0.355408,-0.015564,0.977575,0.210011,0.366583,-0.189832,0.910813),
	CFrame.new(-371.358643,26.677092,-232.176575,0.697296,0.340868,-0.630545,-0.191052,0.936249,0.294852,0.690852,-0.085132,0.717966),
	CFrame.new(-371.358643,26.677092,-232.176575,0.697296,0.340868,-0.630545,-0.191052,0.936249,0.294852,0.690852,-0.085132,0.717966),
	CFrame.new(-371.358643,26.677092,-232.176575,0.697296,0.340868,-0.630545,-0.191052,0.936249,0.294852,0.690852,-0.085132,0.717966),
	CFrame.new(-371.358643,26.677092,-232.176575,0.697296,0.340868,-0.630545,-0.191052,0.936249,0.294852,0.690852,-0.085132,0.717966),
	CFrame.new(-371.358643,26.677092,-232.176575,0.697296,0.340868,-0.630545,-0.191052,0.936249,0.294852,0.690852,-0.085132,0.717966),
	CFrame.new(-371.358643,26.677092,-232.176575,0.697296,0.340868,-0.630545,-0.191052,0.936249,0.294852,0.690852,-0.085132,0.717966),
	CFrame.new(-371.236359,26.795584,-232.112091,0.725594,0.201734,-0.657888,-0.088002,0.975415,0.202041,0.682473,-0.088704,0.725509),
	CFrame.new(-371.236359,26.795584,-232.112091,0.725594,0.201734,-0.657888,-0.088002,0.975415,0.202041,0.682473,-0.088705,0.725509),
	CFrame.new(-371.236359,26.795584,-232.112091,0.725594,0.201734,-0.657888,-0.088002,0.975415,0.202041,0.682473,-0.088705,0.725509),
	CFrame.new(-371.236359,26.795584,-232.112091,0.732069,0.170671,-0.659505,-0.073796,0.982279,0.172285,0.677222,-0.077456,0.731691),
	CFrame.new(-371.236359,26.795584,-232.112091,0.732069,0.170671,-0.659505,-0.073796,0.982279,0.172285,0.677222,-0.077456,0.731691),
	CFrame.new(-371.236359,26.795584,-232.112091,0.732069,0.170671,-0.659505,-0.073796,0.982279,0.172285,0.677222,-0.077456,0.731691),
	CFrame.new(-371.236359,26.795584,-232.112091,0.732069,0.170671,-0.659505,-0.073796,0.982279,0.172285,0.677222,-0.077456,0.731691),
	CFrame.new(-371.236359,26.795584,-232.112091,0.827969,0.105151,-0.550827,0.015564,0.977575,0.210011,0.560557,-0.182456,0.807766),
	CFrame.new(-371.236359,26.795584,-232.112091,0.827969,0.105151,-0.550827,0.015564,0.977575,0.210011,0.560557,-0.182456,0.807766),
	CFrame.new(-371.236359,26.795584,-232.112091,0.827969,0.105151,-0.550827,0.015564,0.977575,0.210011,0.560557,-0.182456,0.807766),
	CFrame.new(-371.236359,26.795584,-232.112091,0.827969,0.105151,-0.550827,0.015564,0.977575,0.210011,0.560557,-0.182456,0.807766),
	CFrame.new(-371.464233,26.677092,-232.232269,0.970308,-0.087406,-0.225527,0.151554,0.946393,0.285258,0.188504,-0.310968,0.931539),
	CFrame.new(-371.464233,26.677092,-232.232269,0.970308,-0.087406,-0.225527,0.151554,0.946393,0.285258,0.188504,-0.310968,0.931539),
	CFrame.new(-371.464233,26.677092,-232.232269,0.970308,-0.087406,-0.225527,0.151554,0.946393,0.285258,0.188504,-0.310968,0.931539),
	CFrame.new(-371.464233,26.677092,-232.232269,0.970308,-0.087406,-0.225527,0.151554,0.946393,0.285258,0.188504,-0.310968,0.931539),
	CFrame.new(-371.464233,26.677092,-232.232269,0.970308,-0.087406,-0.225527,0.151554,0.946393,0.285258,0.188504,-0.310968,0.931539),
	CFrame.new(-371.464233,26.677092,-232.232269,0.970308,-0.087406,-0.225527,0.151554,0.946393,0.285258,0.188504,-0.310968,0.931539),
	CFrame.new(-371.464233,26.677092,-232.232269,0.970308,-0.087406,-0.225527,0.151554,0.946393,0.285258,0.188504,-0.310968,0.931539),
	CFrame.new(-371.586517,26.795584,-232.296753,0.973029,-0.040756,-0.227056,0.088002,0.975415,0.202041,0.213239,-0.216573,0.952694),
	CFrame.new(-371.586517,26.795584,-232.296753,0.973029,-0.040756,-0.227056,0.088002,0.975415,0.202041,0.213239,-0.216573,0.952694),
	CFrame.new(-371.586517,26.795584,-232.296753,0.973029,-0.040756,-0.227056,0.088002,0.975415,0.202041,0.213239,-0.216573,0.952694),
	CFrame.new(-371.586517,26.795584,-232.296753,0.973029,-0.040756,-0.227056,0.088002,0.975415,0.202041,0.213239,-0.216574,0.952694),
	CFrame.new(-371.586517,26.795584,-232.296753,0.972353,-0.032492,-0.231244,0.073796,0.982279,0.172285,0.221548,-0.184587,0.957520),
	CFrame.new(-371.586517,26.795584,-232.296753,0.972353,-0.032492,-0.231244,0.073796,0.982279,0.172286,0.221548,-0.184587,0.957520),
	CFrame.new(-371.586517,26.795584,-232.296753,0.972353,-0.032492,-0.231244,0.073796,0.982279,0.172286,0.221548,-0.184587,0.957520),
	CFrame.new(-371.586517,26.795584,-232.296753,0.972353,-0.032492,-0.231244,0.073796,0.982279,0.172285,0.221548,-0.184587,0.957520),
	CFrame.new(-371.586517,26.795584,-232.296753,0.972353,-0.032492,-0.231244,0.073796,0.982279,0.172285,0.221548,-0.184587,0.957520),
	CFrame.new(-371.586517,26.795584,-232.296753,0.972353,-0.032492,-0.231243,0.073796,0.982279,0.172285,0.221548,-0.184587,0.957520),
	CFrame.new(-371.586517,26.795584,-232.296753,0.930255,0.091163,-0.355408,-0.015565,0.977575,0.210011,0.366583,-0.189832,0.910813),
	CFrame.new(-371.586517,26.795584,-232.296753,0.930255,0.091163,-0.355408,-0.015565,0.977575,0.210011,0.366583,-0.189832,0.910813),
	CFrame.new(-371.586517,26.795584,-232.296753,0.930255,0.091163,-0.355408,-0.015565,0.977575,0.210011,0.366583,-0.189832,0.910813),
	CFrame.new(-371.586517,26.795584,-232.296753,0.930255,0.091163,-0.355408,-0.015565,0.977575,0.210011,0.366583,-0.189832,0.910813),
	CFrame.new(-371.586517,26.795584,-232.296753,0.930255,0.091163,-0.355408,-0.015565,0.977575,0.210011,0.366583,-0.189832,0.910813),
	CFrame.new(-371.358643,26.677092,-232.176575,0.697296,0.340868,-0.630545,-0.191052,0.936249,0.294852,0.690852,-0.085132,0.717966),
	CFrame.new(-371.358643,26.677092,-232.176575,0.697296,0.340868,-0.630545,-0.191052,0.936249,0.294852,0.690852,-0.085132,0.717966),
	CFrame.new(-371.358643,26.677092,-232.176575,0.697296,0.340868,-0.630545,-0.191052,0.936249,0.294852,0.690852,-0.085132,0.717966),
	CFrame.new(-371.358643,26.677092,-232.176575,0.697296,0.340868,-0.630545,-0.191052,0.936249,0.294852,0.690852,-0.085132,0.717966),
	CFrame.new(-371.358643,26.677092,-232.176575,0.697296,0.340868,-0.630545,-0.191052,0.936249,0.294852,0.690852,-0.085132,0.717966),
	CFrame.new(-371.358643,26.677092,-232.176575,0.697296,0.340868,-0.630545,-0.191053,0.936249,0.294852,0.690852,-0.085132,0.717966),
	CFrame.new(-371.236359,26.795584,-232.112091,0.725594,0.201734,-0.657888,-0.088002,0.975415,0.202041,0.682473,-0.088704,0.725509),
	CFrame.new(-371.236359,26.795584,-232.112091,0.725594,0.201734,-0.657888,-0.088002,0.975415,0.202041,0.682473,-0.088704,0.725509),
	CFrame.new(-371.236359,26.795584,-232.112091,0.725594,0.201734,-0.657888,-0.088002,0.975415,0.202041,0.682473,-0.088705,0.725509),
	CFrame.new(-371.236359,26.795584,-232.112091,0.725594,0.201734,-0.657888,-0.088002,0.975415,0.202041,0.682473,-0.088705,0.725509),
	CFrame.new(-371.236359,26.795584,-232.112091,0.732069,0.170671,-0.659505,-0.073796,0.982279,0.172285,0.677222,-0.077456,0.731691),
	CFrame.new(-371.236359,26.795584,-232.112091,0.732069,0.170671,-0.659505,-0.073796,0.982279,0.172285,0.677222,-0.077456,0.731691),
	CFrame.new(-371.236359,26.795584,-232.112091,0.732069,0.170671,-0.659505,-0.073796,0.982279,0.172285,0.677222,-0.077456,0.731691),
	CFrame.new(-371.236359,26.795584,-232.112091,0.827969,0.105151,-0.550827,0.015564,0.977575,0.210011,0.560557,-0.182456,0.807766),
	CFrame.new(-371.236359,26.795584,-232.112091,0.827969,0.105151,-0.550827,0.015564,0.977575,0.210011,0.560557,-0.182456,0.807766),
	CFrame.new(-371.236359,26.795584,-232.112091,0.827969,0.105151,-0.550827,0.015564,0.977575,0.210011,0.560557,-0.182456,0.807766),
	CFrame.new(-371.464233,26.677092,-232.232269,0.970308,-0.087406,-0.225527,0.151554,0.946393,0.285258,0.188504,-0.310968,0.931539),
	CFrame.new(-371.464233,26.677092,-232.232269,0.970308,-0.087406,-0.225527,0.151554,0.946393,0.285258,0.188504,-0.310968,0.931539),
	CFrame.new(-371.464233,26.677092,-232.232269,0.970308,-0.087406,-0.225527,0.151554,0.946393,0.285258,0.188504,-0.310968,0.931539),
	CFrame.new(-371.464233,26.677092,-232.232269,0.970308,-0.087406,-0.225527,0.151554,0.946393,0.285258,0.188504,-0.310968,0.931539),
	CFrame.new(-371.464233,26.677092,-232.232269,0.970308,-0.087406,-0.225527,0.151554,0.946393,0.285258,0.188504,-0.310968,0.931539),
	CFrame.new(-371.464233,26.677092,-232.232269,0.970308,-0.087406,-0.225527,0.151554,0.946393,0.285258,0.188504,-0.310968,0.931539),
	CFrame.new(-371.464233,26.677092,-232.232269,0.970308,-0.087406,-0.225527,0.151554,0.946393,0.285258,0.188504,-0.310968,0.931539),
	CFrame.new(-371.464233,26.677092,-232.232269,0.970308,-0.087406,-0.225527,0.151554,0.946393,0.285258,0.188504,-0.310968,0.931539),
	CFrame.new(-371.586517,26.795584,-232.296753,0.973029,-0.040756,-0.227056,0.088002,0.975415,0.202041,0.213239,-0.216573,0.952694),
	CFrame.new(-371.586517,26.795584,-232.296753,0.973029,-0.040756,-0.227056,0.088002,0.975415,0.202041,0.213239,-0.216573,0.952694),
	CFrame.new(-371.586517,26.795584,-232.296753,0.973029,-0.040756,-0.227056,0.088002,0.975415,0.202041,0.213239,-0.216573,0.952694),
	CFrame.new(-371.586517,26.795584,-232.296753,0.973029,-0.040756,-0.227056,0.088002,0.975415,0.202041,0.213239,-0.216574,0.952694),
	CFrame.new(-371.586517,26.795584,-232.296753,0.972353,-0.032492,-0.231244,0.073796,0.982279,0.172286,0.221548,-0.184587,0.957520),
	CFrame.new(-371.586517,26.795584,-232.296753,0.972353,-0.032492,-0.231244,0.073796,0.982279,0.172285,0.221548,-0.184587,0.957520),
	CFrame.new(-371.586517,26.795584,-232.296753,0.972353,-0.032492,-0.231244,0.073796,0.982279,0.172285,0.221548,-0.184587,0.957520),
	CFrame.new(-371.586517,26.795584,-232.296753,0.972353,-0.032492,-0.231244,0.073796,0.982279,0.172285,0.221548,-0.184587,0.957520),
	CFrame.new(-371.586517,26.795584,-232.296753,0.972353,-0.032492,-0.231244,0.073796,0.982279,0.172285,0.221548,-0.184587,0.957520),
	CFrame.new(-371.586517,26.795584,-232.296753,0.972353,-0.032492,-0.231243,0.073796,0.982279,0.172285,0.221548,-0.184587,0.957520),
	CFrame.new(-371.586517,26.795584,-232.296753,0.930255,0.091163,-0.355408,-0.015565,0.977575,0.210011,0.366583,-0.189832,0.910813),
	CFrame.new(-371.586517,26.795584,-232.296753,0.930255,0.091163,-0.355408,-0.015565,0.977575,0.210011,0.366583,-0.189832,0.910813),
	CFrame.new(-371.586517,26.795584,-232.296753,0.930255,0.091163,-0.355408,-0.015565,0.977575,0.210011,0.366583,-0.189832,0.910813),
	CFrame.new(-371.586517,26.795584,-232.296753,0.930255,0.091163,-0.355408,-0.015565,0.977575,0.210011,0.366583,-0.189832,0.910813),
	CFrame.new(-371.586517,26.795584,-232.296753,0.930255,0.091163,-0.355408,-0.015565,0.977575,0.210011,0.366583,-0.189832,0.910813),
	CFrame.new(-371.586517,26.795584,-232.296753,0.930255,0.091163,-0.355408,-0.015564,0.977575,0.210011,0.366583,-0.189832,0.910813),
	CFrame.new(-371.358643,26.677092,-232.176575,0.697296,0.340868,-0.630545,-0.191052,0.936249,0.294852,0.690852,-0.085132,0.717966),
	CFrame.new(-371.358643,26.677092,-232.176575,0.697296,0.340868,-0.630545,-0.191052,0.936249,0.294852,0.690852,-0.085132,0.717966),
	CFrame.new(-371.358643,26.677092,-232.176575,0.697296,0.340868,-0.630545,-0.191052,0.936249,0.294852,0.690852,-0.085132,0.717966),
	CFrame.new(-371.358643,26.677092,-232.176575,0.697296,0.340868,-0.630545,-0.191052,0.936249,0.294852,0.690852,-0.085132,0.717966),
	CFrame.new(-371.358643,26.677092,-232.176575,0.697296,0.340868,-0.630545,-0.191052,0.936249,0.294852,0.690852,-0.085132,0.717966),
	CFrame.new(-371.358643,26.677092,-232.176575,0.697296,0.340868,-0.630545,-0.191052,0.936249,0.294852,0.690852,-0.085132,0.717966),
	CFrame.new(-371.236359,26.795584,-232.112091,0.725594,0.201734,-0.657888,-0.088002,0.975415,0.202041,0.682473,-0.088704,0.725509),
	CFrame.new(-371.236359,26.795584,-232.112091,0.725594,0.201734,-0.657888,-0.088002,0.975415,0.202041,0.682473,-0.088704,0.725509),
	CFrame.new(-371.236359,26.795584,-232.112091,0.725594,0.201734,-0.657888,-0.088002,0.975415,0.202041,0.682473,-0.088704,0.725509),
	CFrame.new(-371.236359,26.795584,-232.112091,0.725594,0.201734,-0.657888,-0.088002,0.975415,0.202041,0.682473,-0.088705,0.725509),
	CFrame.new(-371.236359,26.795584,-232.112091,0.732069,0.170671,-0.659505,-0.073796,0.982279,0.172285,0.677222,-0.077456,0.731691),
	CFrame.new(-371.236359,26.795584,-232.112091,0.732069,0.170671,-0.659505,-0.073796,0.982279,0.172285,0.677222,-0.077456,0.731691),
	CFrame.new(-371.236359,26.795584,-232.112091,0.732069,0.170671,-0.659505,-0.073796,0.982279,0.172285,0.677222,-0.077456,0.731691),
	CFrame.new(-371.236359,26.795584,-232.112091,0.732069,0.170671,-0.659505,-0.073796,0.982279,0.172285,0.677222,-0.077456,0.731691),
	CFrame.new(-371.236359,26.795584,-232.112091,0.827969,0.105151,-0.550827,0.015564,0.977575,0.210011,0.560557,-0.182456,0.807766),
	CFrame.new(-371.236359,26.795584,-232.112091,0.827969,0.105151,-0.550827,0.015564,0.977575,0.210011,0.560557,-0.182456,0.807766),
	CFrame.new(-371.236359,26.795584,-232.112091,0.827969,0.105151,-0.550827,0.015564,0.977575,0.210011,0.560557,-0.182456,0.807766),
	CFrame.new(-371.464233,26.677092,-232.232269,0.970308,-0.087406,-0.225527,0.151554,0.946393,0.285258,0.188504,-0.310968,0.931539),
	CFrame.new(-371.464233,26.677092,-232.232269,0.970308,-0.087406,-0.225527,0.151554,0.946393,0.285258,0.188504,-0.310968,0.931539),
	CFrame.new(-371.464233,26.677092,-232.232269,0.970308,-0.087406,-0.225527,0.151554,0.946393,0.285258,0.188504,-0.310968,0.931539)
}

-- transform helper
local origin = frames[1]:Inverse()
local startCFrame = hrp.CFrame

local function getRelative(cf)
	return startCFrame * (origin * cf)
end

-- === MAIN TIMELINE CONFIGURATION ===
local targetFPS = 55        -- Framerate your recorder captured at
local playbackSpeed = 1     -- Change speed here (e.g. 2.0 = 2x speed, 0.5 = half speed)

local totalFrames = #frames
-- Total base duration adjusted by playback speed multiplier
local totalDuration = ((totalFrames - 1) / targetFPS) / playbackSpeed

local function calculateMainTimeline(elapsedTime)
	if elapsedTime >= totalDuration then
		return totalFrames, 1, true
	end
	
	local progress = elapsedTime / totalDuration
	local scaledIndex = progress * (totalFrames - 1) + 1
	local index = math.floor(scaledIndex)
	local alpha = scaledIndex - index
	
	return index, alpha, false
end

-- RUNTIME LOOP
local startTime = tick()
local finished = false
local conn

conn = RunService.RenderStepped:Connect(function()
	if finished then return end

	local currentTime = tick()
	local elapsedTime = currentTime - startTime
	local index, alpha, isFinished = calculateMainTimeline(elapsedTime)

	if isFinished or index >= totalFrames then
		finished = true
		conn:Disconnect()

		track:Stop()

		-- stabilize before final tween
		hrp.Anchored = true
		hrp.AssemblyLinearVelocity = Vector3.zero
		hrp.AssemblyAngularVelocity = Vector3.zero

		local tween = TweenService:Create(
			hrp,
			TweenInfo.new(0, Enum.EasingStyle.Quint, Enum.EasingDirection.Out), -- Instant transition (0s)
			{CFrame = checkpoint.CFrame}
		)

		tween:Play()
		tween.Completed:Wait()

		checkpoint:Destroy()

		-- restore state
		hrp.Anchored = false
		setGhost(false)

		hum.PlatformStand = false
		hum.Sit = oldSit
		hum.AutoRotate = oldAutoRotate

		return
	end

	local nextIndex = math.min(index + 1, totalFrames)
	local a = getRelative(frames[index])
	local b = getRelative(frames[nextIndex])

	hrp.CFrame = a:Lerp(b, alpha)
	hrp.AssemblyLinearVelocity = Vector3.zero
	hrp.AssemblyAngularVelocity = Vector3.zero
end)


local player = game.Players.LocalPlayer
local character = player.Character or player.CharacterAdded:Wait()
local humanoid = character:WaitForChild("Humanoid")

local PriorityLayers = {
    Enum.AnimationPriority.Core,
    Enum.AnimationPriority.Idle,
    Enum.AnimationPriority.Movement,
    Enum.AnimationPriority.Action,
    Enum.AnimationPriority.Action2,
    Enum.AnimationPriority.Action3,
    Enum.AnimationPriority.Action4
}

local function SetLayer(track, layer)
    layer = math.clamp(layer, 1, #PriorityLayers)
    track.Priority = PriorityLayers[layer]
end

local layer = 1 -- Change this from 1 to 7

local animation = Instance.new("Animation")
animation.AnimationId = "http://www.roblox.com/asset/?version=1&id=429703734"

local animationTrack = humanoid:LoadAnimation(animation)

SetLayer(animationTrack, layer)

local fadeTime = 0.2
animationTrack:Play(fadeTime)
animationTrack.TimePosition = 0
animationTrack:AdjustSpeed(0.4)

task.delay(9.5, function()
    animationTrack:Stop(fadeTime)
end)
local player = game.Players.LocalPlayer
local character = player.Character or player.CharacterAdded:Wait()
local humanoid = character:WaitForChild("Humanoid")

local SPEED_MULTIPLIER = 1.75

local function playPose(animId, fadeTime, timePos, speed, stopDelay, waitTime)
local animation = Instance.new("Animation")
animation.AnimationId = "http://www.roblox.com/asset/?version=1&id=" .. animId
local track = humanoid:LoadAnimation(animation)
track:Play(fadeTime)
track.TimePosition = timePos
track:AdjustSpeed(speed)

local scaledStopDelay = stopDelay / SPEED_MULTIPLIER
task.delay(scaledStopDelay, function()
track:Stop(fadeTime)
end)

if waitTime then
task.wait(waitTime / SPEED_MULTIPLIER)
end
end

for i = 1, 10 do
playPose(188853932, 0, 0.3, 0, 0.8, 0.8)
playPose(188854226, 0, 0.3, 0, 0.8, 0.8)
end
