function GetGitSoundID(GithubSnd, SoundName)
	SoundName = tostring(SoundName)
	local url = GithubSnd
	local FileName = SoundName
	writefile("customObject_Sound_"..FileName..".mp3", game:HttpGet(url))
	return (getcustomasset or getsynasset)("customObject_Sound_"..FileName..".mp3")
end

function sfx(id, parent, duration, startPosition)
	local sound = Instance.new("Sound")
	sound.SoundId = id
	sound.Parent = parent
	sound.Volume = 1

	sound:Play()
	sound.TimePosition = startPosition or 0

	task.spawn(function()
		local fadeTime = 3
		local startFadeAt = math.max((duration or sound.TimeLength) - fadeTime, 0)

		task.wait(startFadeAt)

		local startVolume = sound.Volume
		local steps = 30

		for i = 1, steps do
			if not sound.Parent then return end
			sound.Volume = startVolume * (1 - (i / steps))
			task.wait(fadeTime / steps)
		end

		sound.Volume = 0
	end)

	game.Debris:AddItem(sound, duration or 0)
	return sound
end

function getsfxid(id)
	local hi = nil
	if id == "clang" then
		hi = "rbxassetid://495135507"
	elseif id == "tungtung" then
		local url = "https://github.com/anhubuniversal-create/Obfuscation-/raw/refs/heads/main/lv_0_20260808162616.mp3"
		hi = GetGitSoundID(url, "Theme")
	end
	return tostring(hi)
end

sfx(getsfxid("tungtung"), workspace, 19, 0)
Wait(0.5)
local Players = game:GetService("Players")
local RunService = game:GetService("RunService")
local TweenService = game:GetService("TweenService")

local player = Players.LocalPlayer
local character = player.Character or player.CharacterAdded:Wait()
local hum = character:WaitForChild("Humanoid")
local hrp = character:WaitForChild("HumanoidRootPart")

-- === CHARACTER PREPARATION ===
local oldAutoRotate = hum.AutoRotate
local oldSit = hum.Sit

-- stop all animations
for _, v in ipairs(hum:GetPlayingAnimationTracks()) do
	v:Stop(0)
end

-- disable physics control
hum.Sit = true
hum.AutoRotate = false
hum.PlatformStand = true

hrp.AssemblyLinearVelocity = Vector3.zero
hrp.AssemblyAngularVelocity = Vector3.zero

-- ghost mode
local originalCollisions = {}
local function setGhost(state)
	for _, obj in ipairs(character:GetDescendants()) do
		if obj:IsA("BasePart") then
			if state then
				originalCollisions[obj] = obj.CanCollide
				obj.CanCollide = false
				obj.Massless = true
			else
				if originalCollisions[obj] ~= nil then
					obj.CanCollide = originalCollisions[obj]
				end
				obj.Massless = false
			end
		end
	end
end

setGhost(true)

-- animation (optional placeholder)
local animation = Instance.new("Animation")
animation.AnimationId = "rbxassetid://0"
local track = hum:LoadAnimation(animation)
track:Play(1, 5, 1)
track:AdjustSpeed(0.01)

-- checkpoint target
local checkpoint = Instance.new("Part")
checkpoint.Size = hrp.Size
checkpoint.CFrame = hrp.CFrame
checkpoint.Anchored = true
checkpoint.CanCollide = false
checkpoint.Transparency = 1
checkpoint.Parent = workspace


local frames = {
	CFrame.new(196.390396,27.725798,315.917725,0.124025,-0.000000,-0.992279,0.000000,1.000000,-0.000000,0.992279,-0.000000,0.124025),
	CFrame.new(196.288635,27.566479,315.883667,-0.131135,-0.037412,-0.990658,0.013215,0.999133,-0.039481,0.991276,-0.018269,-0.130527),
	CFrame.new(196.223175,27.454576,315.886780,-0.339242,-0.060480,-0.938753,-0.014537,0.998149,-0.059053,0.940587,-0.006386,-0.339493),
	CFrame.new(196.212326,27.431322,315.897736,-0.402461,-0.067782,-0.912924,-0.030613,0.997694,-0.060580,0.914925,0.003567,-0.403608),
	CFrame.new(196.212570,27.430428,315.910400,-0.483209,-0.075046,-0.872283,-0.045002,0.997131,-0.060858,0.874348,0.009847,-0.485200),
	CFrame.new(196.240662,27.497084,315.914398,-0.488939,-0.067883,-0.869673,-0.032318,0.997693,-0.059706,0.871719,-0.001086,-0.490005),
	CFrame.new(196.259048,27.593214,315.915314,-0.471727,-0.058486,-0.879803,0.002330,0.997712,-0.067573,0.881742,-0.033926,-0.470511),
	CFrame.new(196.249084,27.633825,315.910461,-0.472375,-0.065504,-0.878960,0.036071,0.994962,-0.093534,0.880659,-0.075888,-0.467633),
	CFrame.new(196.242599,27.622911,315.906647,-0.473095,-0.070674,-0.878172,0.046770,0.993357,-0.105140,0.879769,-0.090813,-0.466647),
	CFrame.new(196.231308,27.590652,315.899567,-0.474589,-0.079208,-0.876636,0.062287,0.990424,-0.123210,0.878001,-0.113077,-0.465111),
	CFrame.new(196.221817,27.547651,315.892914,-0.476187,-0.085271,-0.875200,0.071693,0.988209,-0.135289,0.876417,-0.127169,-0.464459),
	CFrame.new(196.211594,27.501421,315.884155,-0.477991,-0.091056,-0.873632,0.080627,0.985865,-0.146866,0.874657,-0.140639,-0.463893),
	CFrame.new(196.199188,27.445501,315.868988,-0.480287,-0.096069,-0.871834,0.088209,0.983654,-0.156985,0.872665,-0.152301,-0.463962),
	CFrame.new(196.186249,27.389584,315.852844,-0.482786,-0.100340,-0.869971,0.095121,0.981528,-0.165994,0.870557,-0.162892,-0.464324),
	CFrame.new(196.168030,27.319702,315.828979,-0.486559,-0.102990,-0.867556,0.101341,0.979670,-0.173136,0.867750,-0.172160,-0.466230),
	CFrame.new(196.148941,27.259487,315.807739,-0.490764,-0.100960,-0.865424,0.104833,0.979206,-0.173682,0.864963,-0.175962,-0.469975),
	CFrame.new(196.133209,27.216471,315.792145,-0.494342,-0.096854,-0.863855,0.106197,0.979600,-0.170603,0.862756,-0.176075,-0.473972),
	CFrame.new(196.117233,27.192812,315.783844,-0.498306,-0.086226,-0.862703,0.102853,0.982137,-0.157572,0.860879,-0.167250,-0.480536),
	CFrame.new(196.105209,27.179909,315.779449,-0.501404,-0.076645,-0.861812,0.099206,0.984406,-0.145266,0.859507,-0.158334,-0.485982),
	CFrame.new(196.088333,27.177769,315.779358,-0.508281,-0.061718,-0.858977,0.083326,0.989224,-0.120383,0.857151,-0.132763,-0.497661),
	CFrame.new(196.076523,27.186386,315.783112,-0.514822,-0.050474,-0.855810,0.065470,0.993035,-0.097951,0.854793,-0.106457,-0.507932),
	CFrame.new(196.068542,27.208336,315.789764,-0.524887,-0.038177,-0.850315,0.038204,0.996930,-0.068342,0.850314,-0.068357,-0.521818),
	CFrame.new(196.064087,27.234743,315.796661,-0.535292,-0.026717,-0.844245,0.011011,0.999194,-0.038601,0.844596,-0.029958,-0.534566),
	CFrame.new(196.066895,27.267790,315.802643,-0.544633,-0.015681,-0.838528,-0.011704,0.999870,-0.011096,0.838593,0.003771,-0.544745),
	CFrame.new(196.078751,27.304274,315.805420,-0.550899,-0.003745,-0.834563,-0.024774,0.999623,0.011868,0.834204,0.027214,-0.550784),
	CFrame.new(196.112183,27.360245,315.804443,-0.554119,0.014678,-0.832308,-0.027894,0.998956,0.036187,0.831970,0.043268,-0.553131),
	CFrame.new(196.158844,27.411842,315.799561,-0.551066,0.032002,-0.833848,-0.017163,0.998618,0.049668,0.834285,0.041682,-0.549756),
	CFrame.new(196.195511,27.457985,315.796631,-0.545837,0.044449,-0.836712,-0.002809,0.998489,0.054875,0.837887,0.032304,-0.544887),
	CFrame.new(196.220932,27.494951,315.794647,-0.541907,0.053450,-0.838737,0.009193,0.998293,0.057679,0.840388,0.023546,-0.541474),
	CFrame.new(196.234619,27.532070,315.793671,-0.539066,0.059679,-0.840146,0.022817,0.998155,0.056263,0.841954,0.011160,-0.539434),
	CFrame.new(196.244431,27.562046,315.792725,-0.540304,0.064232,-0.839014,0.036449,0.997933,0.052925,0.840680,-0.001986,-0.541529),
	CFrame.new(196.241684,27.574862,315.791412,-0.560672,0.064014,-0.825560,0.056727,0.997634,0.038830,0.826093,-0.025061,-0.562977),
	CFrame.new(196.234818,27.574200,315.787567,-0.600981,0.058101,-0.797149,0.074404,0.997090,0.016580,0.795793,-0.049346,-0.603555),
	CFrame.new(196.230972,27.572521,315.785400,-0.622585,0.054989,-0.780618,0.082550,0.996577,0.004363,0.778186,-0.061724,-0.624993),
	CFrame.new(196.223068,27.563581,315.780304,-0.650111,0.047550,-0.758350,0.090135,0.995819,-0.014831,0.754474,-0.077996,-0.651679),
	CFrame.new(196.215164,27.554642,315.775208,-0.676865,0.040690,-0.734982,0.097012,0.994693,-0.034273,0.729687,-0.094500,-0.677220),
	CFrame.new(196.202438,27.533409,315.766418,-0.691740,0.027941,-0.721606,0.101485,0.993096,-0.058832,0.714980,-0.113929,-0.689800),
	CFrame.new(196.194794,27.520668,315.761139,-0.700563,0.020479,-0.713296,0.103921,0.991859,-0.073590,0.705983,-0.125680,-0.696988),
	CFrame.new(196.180771,27.461121,315.758270,-0.657956,-0.000827,-0.753056,0.107571,0.989641,-0.095073,0.745334,-0.143561,-0.651051),
	CFrame.new(196.169388,27.410492,315.757263,-0.609826,-0.020707,-0.792265,0.111026,0.987569,-0.111271,0.784720,-0.155818,-0.599946),
	CFrame.new(196.157547,27.350901,315.760101,-0.519223,-0.047713,-0.853306,0.114652,0.985526,-0.124870,0.846913,-0.162669,-0.506238),
	CFrame.new(196.145523,27.292356,315.763245,-0.420577,-0.075804,-0.904085,0.117590,0.983543,-0.137169,0.899604,-0.164001,-0.404742),
	CFrame.new(196.129807,27.223114,315.768341,-0.282405,-0.112184,-0.952713,0.114916,0.982031,-0.149700,0.952387,-0.151758,-0.264439),
	CFrame.new(196.107071,27.141685,315.774231,-0.154273,-0.114213,-0.981405,0.095079,0.986970,-0.129807,0.983443,-0.113337,-0.141403),
	CFrame.new(196.085434,27.095266,315.752289,-0.115107,-0.090674,-0.989206,0.056524,0.993614,-0.097655,0.991744,-0.067154,-0.109246),
	CFrame.new(196.062531,27.077015,315.701904,-0.126838,-0.061014,-0.990045,0.007739,0.998015,-0.062496,0.991893,-0.015589,-0.126114),
	CFrame.new(196.049347,27.098522,315.661865,-0.145892,-0.043660,-0.988337,-0.013520,0.999020,-0.042136,0.989208,0.007215,-0.146339),
	CFrame.new(196.037842,27.127666,315.629150,-0.167492,-0.027587,-0.985487,-0.027858,0.999342,-0.023240,0.985480,0.023561,-0.168150),
	CFrame.new(196.029709,27.192739,315.615814,-0.202844,-0.010783,-0.979152,-0.020799,0.999761,-0.006701,0.978990,0.019006,-0.203020),
	CFrame.new(196.025665,27.225794,315.609100,-0.225054,-0.001715,-0.974345,-0.014870,0.999888,0.001675,0.974233,0.014866,-0.225055),
	CFrame.new(196.022491,27.253901,315.603607,-0.257528,0.007699,-0.966240,-0.002956,0.999957,0.008756,0.966266,0.005111,-0.257494),
	CFrame.new(196.020081,27.278446,315.598938,-0.289881,0.016275,-0.956924,0.010182,0.999851,0.013921,0.957009,-0.005708,-0.290003),
	CFrame.new(196.019897,27.295765,315.596252,-0.330778,0.023283,-0.943421,0.030446,0.999439,0.013990,0.943217,-0.024095,-0.331301),
	CFrame.new(196.021744,27.308981,315.594696,-0.369342,0.029144,-0.928836,0.052725,0.998555,0.010366,0.927796,-0.045144,-0.370346),
	CFrame.new(196.024307,27.317364,315.594086,-0.398828,0.033444,-0.916416,0.071481,0.997428,0.005291,0.914236,-0.063396,-0.400192),
	CFrame.new(196.029114,27.322380,315.595612,-0.423966,0.038144,-0.904874,0.091605,0.995795,-0.000943,0.901033,-0.083291,-0.425678),
	CFrame.new(196.034683,27.326271,315.597900,-0.447405,0.043327,-0.893281,0.112034,0.993673,-0.007916,0.887286,-0.103619,-0.449429),
	CFrame.new(196.045090,27.326294,315.605713,-0.468537,0.050073,-0.882023,0.138257,0.990246,-0.017227,0.872558,-0.130018,-0.470890),
	CFrame.new(196.054092,27.325342,315.612946,-0.483603,0.055812,-0.873506,0.159204,0.986927,-0.025083,0.860687,-0.151196,-0.486166),
	CFrame.new(196.063660,27.319714,315.621460,-0.487253,0.059680,-0.871219,0.174955,0.984106,-0.030435,0.855555,-0.167253,-0.489950),
	CFrame.new(196.079575,27.310331,315.635590,-0.493170,0.066280,-0.867404,0.201034,0.978787,-0.039508,0.846385,-0.193862,-0.496033),
	CFrame.new(196.095108,27.277382,315.650299,-0.484921,0.070193,-0.871736,0.221447,0.974145,-0.044746,0.846057,-0.214742,-0.487928),
	CFrame.new(196.106766,27.252668,315.661346,-0.478660,0.072995,-0.874960,0.236719,0.970365,-0.048546,0.845487,-0.230357,-0.481755),
	CFrame.new(196.123138,27.198486,315.678131,-0.460410,0.075230,-0.884513,0.256274,0.965242,-0.051300,0.849910,-0.250296,-0.463686),
	CFrame.new(196.139786,27.137226,315.695618,-0.438627,0.076566,-0.895401,0.275523,0.959838,-0.052893,0.855391,-0.269904,-0.442107),
	CFrame.new(196.161163,27.052807,315.719452,-0.398873,0.075706,-0.913876,0.297312,0.953429,-0.050784,0.867471,-0.291963,-0.402805),
	CFrame.new(196.182693,26.969585,315.744110,-0.352541,0.072962,-0.932948,0.317394,0.947184,-0.045861,0.880327,-0.312280,-0.357079),
	CFrame.new(196.208679,26.884871,315.775177,-0.282305,0.066361,-0.957027,0.336499,0.941070,-0.034006,0.898372,-0.331639,-0.287999),
	CFrame.new(196.242645,26.829836,315.817413,-0.168901,0.053352,-0.984188,0.350837,0.936389,-0.009448,0.921079,-0.346885,-0.176875),
	CFrame.new(196.271088,26.996250,315.854004,-0.052074,0.047960,-0.997491,0.346984,0.937483,0.026961,0.936424,-0.344710,-0.065460),
	CFrame.new(196.286621,27.160301,315.874298,0.019832,0.050063,-0.998549,0.336903,0.940000,0.053819,0.941330,-0.337481,0.001776),
	CFrame.new(196.308990,27.480198,315.903961,0.132382,0.061059,-0.989316,0.310542,0.945296,0.099896,0.941296,-0.320449,0.106179),
	CFrame.new(196.325562,27.623749,315.926331,0.228341,0.079163,-0.970357,0.275043,0.950844,0.142294,0.933923,-0.299382,0.195344),
	CFrame.new(196.343872,27.689392,315.951202,0.339100,0.105204,-0.934849,0.223672,0.956215,0.188741,0.913774,-0.273101,0.300721),
	CFrame.new(196.355042,27.662075,315.966461,0.409390,0.125380,-0.903703,0.184164,0.958767,0.216449,0.893579,-0.255042,0.369419),
	CFrame.new(196.366440,27.595156,315.982117,0.488963,0.150668,-0.859194,0.131652,0.960941,0.243432,0.862312,-0.232144,0.450029),
	CFrame.new(196.372879,27.550089,315.990997,0.533632,0.166504,-0.829164,0.098945,0.961403,0.256738,0.839909,-0.219045,0.496561),
	CFrame.new(196.379211,27.490009,315.999725,0.585855,0.184332,-0.789174,0.057371,0.961912,0.267270,0.808383,-0.201857,0.552966),
	CFrame.new(196.384766,27.429934,316.007385,0.633499,0.201765,-0.746974,0.016216,0.961728,0.273524,0.773574,-0.185390,0.605982),
	CFrame.new(196.388153,27.387598,316.012024,0.682749,0.215426,-0.698173,-0.027323,0.962406,0.270238,0.730142,-0.165428,0.662967),
	CFrame.new(196.389633,27.367111,316.014069,0.709569,0.222834,-0.668473,-0.052036,0.962660,0.265665,0.702712,-0.153723,0.694669),
	CFrame.new(196.385590,27.378674,316.012299,0.739003,0.225865,-0.634712,-0.077873,0.964449,0.252534,0.669186,-0.137197,0.730320),
	CFrame.new(196.379517,27.403194,316.009033,0.765428,0.227110,-0.602114,-0.100789,0.966416,0.236394,0.635580,-0.120256,0.762612),
	CFrame.new(196.362625,27.463242,315.999969,0.790523,0.223240,-0.570296,-0.121999,0.969937,0.210566,0.600158,-0.096881,0.793992),
	CFrame.new(196.342255,27.530640,315.989838,0.811278,0.217553,-0.542677,-0.139115,0.973363,0.182239,0.567869,-0.072352,0.819933),
	CFrame.new(196.317307,27.598053,315.980560,0.825166,0.208019,-0.525195,-0.149934,0.977033,0.151412,0.544630,-0.046196,0.837403),
	CFrame.new(196.302338,27.631149,315.976349,0.831664,0.201688,-0.517356,-0.154924,0.978986,0.132607,0.533230,-0.030133,0.845434),
	CFrame.new(196.282379,27.655670,315.974457,0.835938,0.191028,-0.514506,-0.158400,0.981552,0.107077,0.525469,-0.008012,0.850775),
	CFrame.new(196.262848,27.671358,315.974091,0.839408,0.179613,-0.512966,-0.160758,0.983635,0.081355,0.519184,0.014174,0.854545),
	CFrame.new(196.244614,27.660545,315.978302,0.840470,0.165660,-0.515914,-0.160336,0.985515,0.055246,0.517593,0.036287,0.854857),
	CFrame.new(196.230942,27.652437,315.981476,0.841265,0.155147,-0.517882,-0.159988,0.986475,0.035639,0.516407,0.052873,0.854709),
	CFrame.new(196.213638,27.623964,315.990784,0.842769,0.138183,-0.520237,-0.156210,0.987680,0.009288,0.515111,0.073438,0.853971),
	CFrame.new(196.200653,27.602610,315.997742,0.843855,0.125419,-0.521707,-0.153343,0.988117,-0.010487,0.514193,0.088849,0.853060),
	CFrame.new(196.184540,27.565304,316.012390,0.845442,0.106814,-0.523277,-0.147316,0.988425,-0.036250,0.513348,0.107734,0.851391),
	CFrame.new(196.164902,27.514992,316.032928,0.847335,0.082855,-0.524555,-0.138820,0.987967,-0.068189,0.512593,0.130598,0.848641),
	CFrame.new(196.150452,27.468830,316.050415,0.848856,0.062374,-0.524931,-0.129364,0.987332,-0.091875,0.512550,0.145896,0.846172),
	CFrame.new(196.139618,27.434208,316.063538,0.849870,0.047001,-0.524891,-0.122253,0.986427,-0.109615,0.512615,0.157329,0.844081),
	CFrame.new(196.126053,27.388058,316.078888,0.851025,0.026598,-0.524450,-0.111302,0.985162,-0.130646,0.513193,0.169556,0.841358),
	CFrame.new(196.109451,27.330376,316.097137,0.852135,0.001138,-0.523321,-0.096992,0.983016,-0.155795,0.514255,0.183516,0.837773),
	CFrame.new(196.097733,27.290125,316.107971,0.852635,-0.016867,-0.522235,-0.084686,0.981803,-0.169974,0.515599,0.189152,0.835691),
	CFrame.new(196.085999,27.249874,316.118805,0.852911,-0.034860,-0.520891,-0.072381,0.980235,-0.184120,0.517014,0.194741,0.833530),
	CFrame.new(196.073944,27.214285,316.127289,0.852710,-0.047485,-0.520222,-0.059433,0.980575,-0.186923,0.518993,0.190310,0.833324),
	CFrame.new(196.066711,27.192930,316.132385,0.852510,-0.055057,-0.519804,-0.051662,0.980694,-0.188602,0.520152,0.187639,0.833207),
	CFrame.new(196.059921,27.182117,316.135071,0.851898,-0.060120,-0.520246,-0.037669,0.983782,-0.175370,0.522351,0.168994,0.835817),
	CFrame.new(196.053131,27.171305,316.137756,0.851214,-0.065168,-0.520756,-0.023641,0.986492,-0.162093,0.524285,0.150287,0.838176),
	CFrame.new(196.049103,27.175724,316.126617,0.843404,-0.071316,-0.532525,-0.009363,0.989050,-0.147282,0.537198,0.129204,0.833502),
	CFrame.new(196.045074,27.180141,316.115479,0.835346,-0.077159,-0.544282,0.005141,0.991154,-0.132619,0.549700,0.107985,0.828353),
	CFrame.new(196.046097,27.197701,316.088043,0.813210,-0.083930,-0.575887,0.020403,0.993049,-0.115918,0.581613,0.082516,0.809270),
	CFrame.new(196.054184,27.226889,316.054169,0.784723,-0.089427,-0.613362,0.036913,0.994524,-0.097773,0.618747,0.054083,0.783727),
	CFrame.new(196.066605,27.257980,316.025146,0.759422,-0.091918,-0.644073,0.049090,0.995243,-0.084154,0.648744,0.032291,0.760321),
	CFrame.new(196.119553,27.331720,315.989380,0.740183,-0.087146,-0.666734,0.055974,0.996110,-0.068057,0.670072,0.013055,0.742182),
	CFrame.new(196.182327,27.413605,315.971832,0.753536,-0.075667,-0.653038,0.048271,0.997041,-0.059827,0.655632,0.013559,0.754959),
	CFrame.new(196.217331,27.466883,315.962982,0.771166,-0.066493,-0.633152,0.039331,0.997607,-0.056864,0.635418,0.018950,0.771936),
	CFrame.new(196.243362,27.508465,315.956635,0.786423,-0.058832,-0.614880,0.031460,0.997977,-0.055250,0.616886,0.024106,0.786683),
	CFrame.new(196.254044,27.526419,315.954132,0.800827,-0.051730,-0.596657,0.021870,0.998124,-0.057184,0.598496,0.032746,0.800456),
	CFrame.new(196.264740,27.544371,315.951660,0.814734,-0.044426,-0.578130,0.012324,0.998162,-0.059335,0.579704,0.041217,0.813784),
	CFrame.new(196.260742,27.544151,315.953186,0.822275,-0.038861,-0.567762,0.000050,0.997671,-0.068215,0.569090,0.056063,0.820362),
	CFrame.new(196.254303,27.543369,315.956055,0.824267,-0.034811,-0.565131,-0.012192,0.996786,-0.079182,0.566071,0.072157,0.821193),
	CFrame.new(196.246201,27.542067,315.959991,0.819335,-0.033666,-0.572326,-0.022127,0.995674,-0.090245,0.572888,0.086604,0.815046),
	CFrame.new(196.239334,27.540533,315.963593,0.813620,-0.033471,-0.580433,-0.029679,0.994649,-0.098959,0.580639,0.097742,0.808273),
	CFrame.new(196.228027,27.537008,315.970215,0.800486,-0.035009,-0.598328,-0.040057,0.992935,-0.111690,0.598012,0.113374,0.793428),
	CFrame.new(196.219543,27.534363,315.975189,0.790379,-0.036392,-0.611536,-0.048019,0.991482,-0.121065,0.610733,0.125053,0.781900),
	CFrame.new(196.206360,27.527515,315.984680,0.771104,-0.040001,-0.635451,-0.058709,0.989306,-0.133518,0.633996,0.140263,0.760509),
	CFrame.new(196.193161,27.520668,315.994171,0.751116,-0.044079,-0.658697,-0.069767,0.986881,-0.145597,0.656473,0.155316,0.738187),
	CFrame.new(196.183228,27.496450,316.007935,0.733897,-0.047597,-0.677591,-0.077506,0.985159,-0.153149,0.674824,0.164913,0.719316),
	CFrame.new(196.169983,27.464159,316.026306,0.710205,-0.052672,-0.702021,-0.088115,0.982704,-0.162874,0.698458,0.177532,0.693281),
	CFrame.new(196.153809,27.396597,316.053406,0.680951,-0.057802,-0.730044,-0.099309,0.980383,-0.170253,0.725564,0.188434,0.661853),
	CFrame.new(196.140961,27.337107,316.075958,0.657053,-0.061846,-0.751303,-0.107955,0.978637,-0.174972,0.746074,0.196073,0.636340),
	CFrame.new(196.131683,27.294157,316.090271,0.643211,-0.061080,-0.763249,-0.111123,0.978813,-0.171977,0.757582,0.195432,0.622796),
	CFrame.new(196.116211,27.222574,316.114136,0.619663,-0.059775,-0.782588,-0.116280,0.979101,-0.166857,0.776207,0.194394,0.599762),
	CFrame.new(196.107651,27.203348,316.121094,0.613550,-0.053153,-0.787865,-0.113000,0.981554,-0.154219,0.781529,0.183650,0.596226),
	CFrame.new(196.096237,27.177713,316.130402,0.605387,-0.044183,-0.794704,-0.108463,0.984564,-0.137363,0.788506,0.169354,0.591250),
	CFrame.new(196.086807,27.174620,316.133026,0.603621,-0.037422,-0.796393,-0.092917,0.988789,-0.116889,0.791839,0.144555,0.593376),
	CFrame.new(196.078033,27.179037,316.133423,0.604090,-0.031439,-0.796296,-0.073692,0.992736,-0.095100,0.793501,0.116129,0.597385),
	CFrame.new(196.073654,27.190676,316.132050,0.606446,-0.027219,-0.794658,-0.050305,0.996098,-0.072509,0.793532,0.083948,0.602711),
	CFrame.new(196.070709,27.204721,316.130066,0.609476,-0.023691,-0.792450,-0.025568,0.998446,-0.049514,0.792392,0.050438,0.607924),
	CFrame.new(196.075073,27.226889,316.125519,0.614542,-0.019633,-0.788640,-0.004098,0.999597,-0.028079,0.788873,0.020488,0.614214),
	CFrame.new(196.081863,27.251760,316.120148,0.620315,-0.015554,-0.784198,0.016163,0.999845,-0.007046,0.784186,-0.008304,0.620470),
	CFrame.new(196.102158,27.285631,316.111115,0.628359,-0.008624,-0.777876,0.026260,0.999604,0.010131,0.777480,-0.026793,0.628337),
	CFrame.new(196.126968,27.322502,316.100861,0.637128,-0.000846,-0.770758,0.032843,0.999121,0.026052,0.770058,-0.041913,0.636596),
	CFrame.new(196.159653,27.366812,316.087402,0.648251,0.009568,-0.761366,0.029178,0.998874,0.037395,0.760867,-0.046457,0.647243),
	CFrame.new(196.203796,27.425301,316.069275,0.662853,0.023706,-0.748374,0.020184,0.998570,0.049508,0.748477,-0.047922,0.661427),
	CFrame.new(196.222458,27.456488,316.057678,0.674112,0.031754,-0.737946,0.011107,0.998527,0.053113,0.738546,-0.044000,0.672766),
	CFrame.new(196.253571,27.508465,316.038330,0.692365,0.045295,-0.720124,-0.004142,0.998261,0.058807,0.721536,-0.037733,0.691348),
	CFrame.new(196.262787,27.526417,316.024139,0.710408,0.053463,-0.701757,-0.018613,0.998189,0.057205,0.703544,-0.027577,0.710117),
	CFrame.new(196.269714,27.539883,316.013519,0.723550,0.059757,-0.687680,-0.029434,0.998011,0.055754,0.689644,-0.020100,0.723870),
	CFrame.new(196.269653,27.546621,316.001312,0.743345,0.060982,-0.666122,-0.042081,0.998126,0.044416,0.667583,-0.004985,0.744519),
	CFrame.new(196.265686,27.550369,315.986908,0.768278,0.060117,-0.637287,-0.056585,0.998061,0.025934,0.637611,0.016137,0.770190),
	CFrame.new(196.261292,27.553223,315.980255,0.783458,0.051933,-0.619271,-0.061513,0.998089,0.005879,0.618393,0.033487,0.785155),
	CFrame.new(196.255417,27.557026,315.971436,0.803056,0.041657,-0.594445,-0.067314,0.997510,-0.021034,0.592089,0.056906,0.803861),
	CFrame.new(196.247955,27.555565,315.964874,0.820407,0.027185,-0.571133,-0.069384,0.996221,-0.052249,0.567554,0.082493,0.819193),
	CFrame.new(196.239960,27.552345,315.959076,0.836614,0.011808,-0.547665,-0.069565,0.993964,-0.084836,0.543357,0.109073,0.832386),
	CFrame.new(196.230713,27.539965,315.955444,0.848969,-0.006006,-0.528409,-0.066463,0.990782,-0.118045,0.524247,0.135336,0.840743),
	CFrame.new(196.221054,27.524529,315.952576,0.859818,-0.024305,-0.510022,-0.061859,0.986551,-0.151298,0.506840,0.161639,0.846751),
	CFrame.new(196.207611,27.475870,315.951233,0.866651,-0.048998,-0.496502,-0.053151,0.980435,-0.189531,0.496075,0.190647,0.847091),
	CFrame.new(196.199356,27.442268,315.950775,0.869660,-0.063995,-0.489485,-0.047411,0.976151,-0.211854,0.491369,0.207448,0.845885),
	CFrame.new(196.187592,27.381195,315.951721,0.869582,-0.083637,-0.486654,-0.038407,0.971110,-0.235523,0.492293,0.223497,0.841247),
	CFrame.new(196.172577,27.298073,315.953583,0.867580,-0.108057,-0.485416,-0.026733,0.964562,-0.262498,0.496579,0.240715,0.833946),
	CFrame.new(196.160004,27.235510,315.957581,0.861543,-0.121756,-0.492868,-0.017159,0.963278,-0.267958,0.507394,0.239314,0.827816),
	CFrame.new(196.144257,27.163330,315.963287,0.852264,-0.129530,-0.506822,-0.008863,0.965144,-0.261569,0.523037,0.227418,0.821409),
	CFrame.new(196.134735,27.134481,315.968536,0.843036,-0.111353,-0.526204,-0.012067,0.974172,-0.225483,0.537722,0.196440,0.819919),
	CFrame.new(196.115204,27.089920,315.980774,0.818848,-0.071538,-0.569536,-0.018173,0.988475,-0.150288,0.573723,0.133413,0.808110),
	CFrame.new(196.101501,27.077732,315.991302,0.794937,-0.041089,-0.605299,-0.022230,0.995061,-0.096742,0.606284,0.090359,0.790098),
	CFrame.new(196.087601,27.082142,316.003357,0.762482,-0.009806,-0.646935,-0.027461,0.998494,-0.047501,0.646426,0.053984,0.761065),
	CFrame.new(196.069977,27.108404,316.020294,0.709046,0.030675,-0.704494,-0.034431,0.999368,0.008861,0.704321,0.017974,0.709654),
	CFrame.new(196.053070,27.166210,316.037689,0.632549,0.068026,-0.771527,-0.038600,0.997666,0.056318,0.773558,-0.005843,0.633699),
	CFrame.new(196.033478,27.242132,316.056946,0.522732,0.109351,-0.845455,-0.038154,0.993746,0.104941,0.851643,-0.022599,0.523635),
	CFrame.new(196.017944,27.300547,316.070068,0.418433,0.137435,-0.897789,-0.034114,0.990166,0.135676,0.907607,-0.026144,0.419006),
	CFrame.new(195.998032,27.339907,316.079987,0.288310,0.158648,-0.944303,-0.029778,0.987188,0.156761,0.957074,-0.017077,0.289340),
	CFrame.new(195.987717,27.348269,316.082184,0.234665,0.163524,-0.958223,-0.030598,0.986503,0.160857,0.971595,-0.008428,0.236501),
	CFrame.new(195.973587,27.345680,316.081482,0.184611,0.162833,-0.969229,-0.037391,0.986629,0.158634,0.982100,0.006955,0.188231),
	CFrame.new(195.966034,27.332834,316.072144,0.186235,0.150990,-0.970834,-0.048309,0.988333,0.144444,0.981317,0.020000,0.191356),
	CFrame.new(195.957260,27.316406,316.058472,0.192454,0.126957,-0.973059,-0.062639,0.991163,0.116930,0.979305,0.038448,0.198706),
	CFrame.new(195.951157,27.298502,316.036713,0.215346,0.066093,-0.974299,-0.078916,0.995622,0.050097,0.973344,0.066100,0.219619),
	CFrame.new(195.946960,27.279020,315.985077,0.311319,-0.104260,-0.944569,-0.103821,0.984282,-0.142862,0.944617,0.142541,0.295601),
	CFrame.new(195.959686,27.302387,315.935303,0.506810,-0.171704,-0.844785,-0.106322,0.960031,-0.258913,0.855476,0.221039,0.468297),
	CFrame.new(195.979248,27.334980,315.909821,0.708744,-0.151074,-0.689099,-0.085040,0.951383,-0.296039,0.700321,0.268417,0.661440),
	CFrame.new(196.010513,27.369761,315.923218,0.883225,-0.089388,-0.460352,-0.053926,0.955793,-0.289051,0.465839,0.280122,0.839360),
	CFrame.new(196.075912,27.421551,315.986847,0.980667,-0.008911,-0.195483,-0.041255,0.967096,-0.251046,0.191287,0.254257,0.948031),
	CFrame.new(196.186600,27.471134,316.111450,0.984844,0.039089,-0.168982,-0.073217,0.976905,-0.200737,0.157233,0.210067,0.964961),
	CFrame.new(196.307571,27.501585,316.231384,0.965075,0.064160,-0.253994,-0.105024,0.982979,-0.150742,0.239999,0.172153,0.955387),
	CFrame.new(196.467667,27.525978,316.350250,0.882634,0.086125,-0.462103,-0.134497,0.988243,-0.072710,0.450408,0.126327,0.883841),
	CFrame.new(196.603592,27.544281,316.445160,0.766834,0.110235,-0.632308,-0.143463,0.989655,-0.001452,0.625607,0.091826,0.774715),
	CFrame.new(196.773163,27.560705,316.504425,0.429723,0.145012,-0.891241,-0.114484,0.987805,0.105524,0.895674,0.056687,0.441084),
	CFrame.new(196.952820,27.577244,316.549530,-0.099512,0.182741,-0.978112,-0.027334,0.982118,0.186271,0.994661,0.045271,-0.092738),
	CFrame.new(197.082657,27.588381,316.565460,-0.547684,0.199012,-0.812672,0.064849,0.978475,0.195911,0.834168,0.054596,-0.548801),
	CFrame.new(197.136429,27.595367,316.580322,-0.812707,0.162319,-0.559607,0.096319,0.984627,0.145717,0.574657,0.064525,-0.815847),
	CFrame.new(197.161728,27.600349,316.592621,-0.941480,0.124684,-0.313159,0.098850,0.990351,0.097124,0.322248,0.060485,-0.944721),
	CFrame.new(197.133850,27.603510,316.606079,-0.994331,0.067333,-0.082289,0.063845,0.996976,0.044313,0.085024,0.038808,-0.995623),
	CFrame.new(197.095749,27.606293,316.619171,-0.986722,0.015053,0.161721,0.015461,0.999880,0.001263,-0.161683,0.003747,-0.986836),
	CFrame.new(197.009796,27.608360,316.634277,-0.876044,-0.041764,0.480420,-0.065410,0.997327,-0.032575,-0.477775,-0.059962,-0.876433),
	CFrame.new(196.934235,27.609715,316.644196,-0.708921,-0.065157,0.702272,-0.122176,0.992015,-0.031294,-0.694625,-0.107986,-0.711221),
	CFrame.new(196.851883,27.610767,316.651947,-0.477939,-0.071796,0.875454,-0.163233,0.986553,-0.008207,-0.863093,-0.146825,-0.483232),
	CFrame.new(196.773972,27.611967,316.656342,-0.223719,-0.068011,0.972278,-0.178949,0.983471,0.027619,-0.958085,-0.167809,-0.232192),
	CFrame.new(196.700500,27.613314,316.657318,0.035580,-0.061852,0.997451,-0.167734,0.983555,0.066974,-0.985190,-0.169689,0.024620),
	CFrame.new(196.617935,27.615829,316.653198,0.324888,-0.060535,0.943813,-0.137262,0.984365,0.110386,-0.935739,-0.165413,0.311499),
	CFrame.new(196.572113,27.617674,316.648590,0.477065,-0.063156,0.876596,-0.112032,0.984908,0.131930,-0.871698,-0.161146,0.462789),
	CFrame.new(196.516525,27.621082,316.638916,0.642512,-0.071412,0.762941,-0.074308,0.985149,0.154790,-0.762664,-0.156147,0.627663),
	CFrame.new(196.478989,27.624352,316.628998,0.740216,-0.081007,0.667471,-0.043717,0.984816,0.168004,-0.670946,-0.153539,0.725436),
	CFrame.new(196.441437,27.627623,316.619080,0.823596,-0.090820,0.559859,-0.011715,0.984162,0.176884,-0.567056,-0.152239,0.809488),
	CFrame.new(196.380936,27.638222,316.588348,0.922432,-0.116929,0.368031,0.047428,0.980144,0.192534,-0.383236,-0.160144,0.909661),
	CFrame.new(196.344025,27.647051,316.558105,0.959364,-0.133734,0.248468,0.083923,0.975939,0.201246,-0.269403,-0.172216,0.947504),
	CFrame.new(196.318909,27.654997,316.528076,0.974629,-0.145768,0.169853,0.108888,0.971795,0.209186,-0.195554,-0.185384,0.963012),
	CFrame.new(196.293808,27.662941,316.498047,0.983531,-0.156634,0.090184,0.134333,0.967318,0.215060,-0.120922,-0.199404,0.972428),
	CFrame.new(196.273712,27.673300,316.460175,0.986908,-0.157783,0.033436,0.145569,0.960645,0.236582,-0.069449,-0.228617,0.971036),
	CFrame.new(196.246918,27.687113,316.409698,0.986742,-0.156660,-0.042396,0.162292,0.950775,0.263984,-0.001047,-0.267364,0.963595),
	CFrame.new(196.224823,27.699892,316.356720,0.984622,-0.143086,-0.100226,0.167282,0.937600,0.304834,0.050354,-0.316912,0.947117),
	CFrame.new(196.204269,27.712330,316.302917,0.980772,-0.123486,-0.151123,0.169887,0.921323,0.349717,0.096048,-0.368666,0.924586),
	CFrame.new(196.187622,27.719500,316.248077,0.977126,-0.104022,-0.185485,0.170969,0.902951,0.394270,0.126471,-0.416963,0.900082),
	CFrame.new(196.172287,27.724913,316.192871,0.973305,-0.083863,-0.213647,0.172173,0.882320,0.438028,0.151771,-0.463119,0.873205),
	CFrame.new(196.159851,27.677126,316.136810,0.970212,-0.075653,-0.230144,0.178774,0.864693,0.469411,0.163491,-0.496572,0.852460),
	CFrame.new(196.148407,27.611607,316.080475,0.967435,-0.071338,-0.242860,0.187113,0.847713,0.496357,0.170467,-0.525635,0.833456),
	CFrame.new(196.139221,27.487114,316.025787,0.965998,-0.075590,-0.247251,0.196771,0.835279,0.513411,0.167715,-0.544606,0.821752),
	CFrame.new(196.128677,27.306932,315.958160,0.964686,-0.084537,-0.249468,0.209184,0.821437,0.530550,0.160071,-0.563999,0.810112),
	CFrame.new(196.121155,27.126730,315.900757,0.966429,-0.092944,-0.239534,0.212386,0.813635,0.541193,0.144593,-0.573898,0.806061),
	CFrame.new(196.116638,27.018612,315.866302,0.967376,-0.098045,-0.233605,0.214207,0.808887,0.547556,0.135275,-0.579732,0.803499),
	CFrame.new(196.119843,26.953093,315.833618,0.969566,-0.132334,-0.205984,0.221158,0.834314,0.504985,0.105029,-0.535171,0.838189),
	CFrame.new(196.122238,26.903955,315.809113,0.970311,-0.157003,-0.183973,0.227341,0.851648,0.472242,0.082537,-0.500046,0.862057),
	CFrame.new(196.140442,26.916538,315.789764,0.973997,-0.182139,-0.134745,0.221950,0.886470,0.406090,0.045483,-0.425437,0.903844),
	CFrame.new(196.163651,26.955151,315.774841,0.976671,-0.200334,-0.077335,0.214681,0.919506,0.329273,0.005145,-0.338193,0.941063),
	CFrame.new(196.201462,27.033875,315.768219,0.983035,-0.182055,-0.022318,0.181159,0.944672,0.273454,-0.028700,-0.272858,0.961626),
	CFrame.new(196.244141,27.125967,315.764374,0.988263,-0.149744,0.030221,0.139404,0.964922,0.222467,-0.062474,-0.215643,0.974472),
	CFrame.new(196.287247,27.231413,315.762238,0.991520,-0.114398,0.061654,0.101459,0.977900,0.182805,-0.081204,-0.175000,0.981214),
	CFrame.new(196.330505,27.341307,315.760681,0.993314,-0.077816,0.085280,0.064750,0.987088,0.146508,-0.095580,-0.140007,0.985527),
	CFrame.new(196.361298,27.437845,315.761719,0.994335,-0.055182,0.090840,0.043315,0.990855,0.127789,-0.097061,-0.123130,0.987633),
	CFrame.new(196.387924,27.529936,315.763611,0.995197,-0.037374,0.090476,0.026824,0.992988,0.115128,-0.094144,-0.112148,0.989222),
	CFrame.new(196.403824,27.581909,315.767212,0.995672,-0.033555,0.086671,0.022912,0.992389,0.120992,-0.090071,-0.118482,0.988863),
	CFrame.new(196.416138,27.620522,315.771393,0.996060,-0.034344,0.081755,0.023247,0.990842,0.133010,-0.085575,-0.130586,0.987737),
	CFrame.new(196.423111,27.607502,315.775879,0.996419,-0.037610,0.075732,0.025452,0.987503,0.155533,-0.080636,-0.153049,0.984923),
	CFrame.new(196.428299,27.577290,315.780487,0.996733,-0.041564,0.069248,0.028385,0.982991,0.181449,-0.075612,-0.178891,0.980959),
	CFrame.new(196.432816,27.527647,315.784088,0.997081,-0.042413,0.063495,0.027835,0.976220,0.214988,-0.071104,-0.212593,0.974550),
	CFrame.new(196.437103,27.471535,315.787384,0.997428,-0.042086,0.058014,0.026240,0.967671,0.250847,-0.066695,-0.248680,0.966287),
	CFrame.new(196.442490,27.434853,315.788788,0.997868,-0.033483,0.056026,0.015758,0.956586,0.291024,-0.063338,-0.289521,0.955074),
	CFrame.new(196.448227,27.404638,315.789581,0.998206,-0.022139,0.055628,0.002404,0.943196,0.332229,-0.059823,-0.331499,0.941557),
	CFrame.new(196.456207,27.422100,315.788116,0.997769,-0.000903,0.066756,-0.023980,0.928334,0.370974,-0.062307,-0.371747,0.926241),
	CFrame.new(196.464951,27.455429,315.785889,0.996326,0.023054,0.082476,-0.054865,0.911309,0.408052,-0.065754,-0.411078,0.909226),
	CFrame.new(196.480453,27.525661,315.780273,0.991715,0.057093,0.115070,-0.101998,0.894522,0.435232,-0.078084,-0.443363,0.892934),
	CFrame.new(196.493759,27.587543,315.775238,0.985957,0.084449,0.144075,-0.141479,0.880755,0.451944,-0.088728,-0.465981,0.880335),
	CFrame.new(196.508331,27.612539,315.769165,0.981681,0.098893,0.162860,-0.162800,0.879444,0.447296,-0.098992,-0.465616,0.879433),
	CFrame.new(196.527756,27.645870,315.761078,0.975094,0.118108,0.187727,-0.191051,0.877206,0.440465,-0.112653,-0.465361,0.877923),
	CFrame.new(196.551865,27.609217,315.750641,0.971918,0.127730,0.197640,-0.201554,0.885336,0.418995,-0.121459,-0.447063,0.886218),
	CFrame.new(196.577530,27.549271,315.739471,0.970041,0.134291,0.202451,-0.206008,0.896389,0.392489,-0.128767,-0.422437,0.897199),
	CFrame.new(196.603714,27.435377,315.726471,0.972566,0.136254,0.188550,-0.197286,0.912578,0.358162,-0.123266,-0.385535,0.914423),
	CFrame.new(196.630096,27.303535,315.712860,0.976309,0.135858,0.168413,-0.184570,0.929103,0.320470,-0.112934,-0.343962,0.932167),
	CFrame.new(196.651779,27.171682,315.698090,0.982172,0.132965,0.132886,-0.165794,0.945886,0.278949,-0.088605,-0.296007,0.951067),
	CFrame.new(196.671890,27.039824,315.682922,0.987535,0.127532,0.092256,-0.146053,0.960964,0.234981,-0.058687,-0.245526,0.967612),
	CFrame.new(196.682114,26.961927,315.667236,0.991733,0.122545,0.038048,-0.127616,0.972894,0.192848,-0.013384,-0.196110,0.980491),
	CFrame.new(196.689026,26.901983,315.651337,0.993086,0.115567,-0.020611,-0.111199,0.982361,0.150336,0.037621,-0.147004,0.988420),
	CFrame.new(196.670746,26.966864,315.636810,0.989414,0.112512,-0.091655,-0.101580,0.988008,0.116280,0.103639,-0.105739,0.988978),
	CFrame.new(196.644089,27.073263,315.622711,0.980035,0.108797,-0.166416,-0.095719,0.991798,0.084706,0.174266,-0.067085,0.982411),
	CFrame.new(196.595108,27.248091,315.609589,0.961627,0.108210,-0.252119,-0.095319,0.993462,0.062831,0.257270,-0.036389,0.965654),
	CFrame.new(196.538712,27.445673,315.596832,0.934367,0.107003,-0.339864,-0.097716,0.994224,0.044377,0.342650,-0.008254,0.939427),
	CFrame.new(196.482101,27.574825,315.582245,0.893949,0.106888,-0.435235,-0.101881,0.994184,0.034902,0.436434,0.013142,0.899640),
	CFrame.new(196.425415,27.681225,315.567047,0.841768,0.105861,-0.529358,-0.106881,0.993855,0.028792,0.529153,0.032342,0.847910),
	CFrame.new(196.390579,27.689083,315.547272,0.773440,0.103834,-0.625308,-0.109423,0.993553,0.029638,0.624354,0.045500,0.779815),
	CFrame.new(196.363007,27.664181,315.526001,0.691768,0.100722,-0.715061,-0.110688,0.993313,0.032834,0.713587,0.056436,0.698290),
	CFrame.new(196.354294,27.616865,315.500610,0.596801,0.093389,-0.796936,-0.101249,0.994030,0.040663,0.795976,0.056421,0.602694),
	CFrame.new(196.351852,27.562099,315.473877,0.490893,0.085365,-0.867028,-0.087352,0.994996,0.048507,0.866830,0.051925,0.495893),
	CFrame.new(196.350555,27.507324,315.445862,0.391293,0.076455,-0.917085,-0.066276,0.996296,0.054781,0.917877,0.039345,0.394910),
	CFrame.new(196.349625,27.452543,315.417419,0.291335,0.068559,-0.954161,-0.042490,0.997372,0.058690,0.955677,0.023444,0.293482),
	CFrame.new(196.349838,27.420189,315.388489,0.223734,0.062662,-0.972634,-0.026914,0.997948,0.058102,0.974279,0.013178,0.224962),
	CFrame.new(196.350449,27.395287,315.359344,0.166893,0.057493,-0.984297,-0.014218,0.998335,0.055902,0.985873,0.004665,0.167433),
	CFrame.new(196.352234,27.408514,315.330414,0.141787,0.046730,-0.988794,-0.011785,0.998894,0.045517,0.989827,0.005200,0.142181),
	CFrame.new(196.354401,27.434412,315.301544,0.127341,0.033949,-0.991278,-0.012896,0.999386,0.032570,0.991775,0.008637,0.127700),
	CFrame.new(196.357742,27.483648,315.273621,0.122295,0.018646,-0.992319,-0.014358,0.999752,0.017016,0.992390,0.012167,0.122532),
	CFrame.new(196.361481,27.540636,315.246033,0.120395,0.002504,-0.992723,-0.015925,0.999873,0.000590,0.992598,0.015738,0.120420),
	CFrame.new(196.366379,27.597614,315.219971,0.126445,-0.009474,-0.991928,-0.007813,0.999914,-0.010546,0.991943,0.009084,0.126360),
	CFrame.new(196.371689,27.654591,315.194397,0.135015,-0.020142,-0.990639,0.003592,0.999797,-0.019839,0.990837,-0.000880,0.135060),
	CFrame.new(196.378082,27.688236,315.170380,0.152452,-0.029935,-0.987857,0.027094,0.999292,-0.026100,0.987939,-0.022786,0.153155),
	CFrame.new(196.384857,27.714132,315.146912,0.172568,-0.039882,-0.984190,0.054671,0.998028,-0.030857,0.983479,-0.048482,0.174408),
	CFrame.new(196.392624,27.640198,315.124878,0.195336,-0.049043,-0.979509,0.086279,0.995736,-0.032649,0.976934,-0.078134,0.198735),
	CFrame.new(196.400711,27.533110,315.103333,0.218688,-0.058487,-0.974041,0.119148,0.992333,-0.032834,0.968493,-0.108875,0.223980),
	CFrame.new(196.409729,27.357096,315.083099,0.238919,-0.066399,-0.968767,0.147907,0.988507,-0.031275,0.959709,-0.135815,0.245994),
	CFrame.new(196.419052,27.158199,315.063293,0.257934,-0.074101,-0.963317,0.175192,0.984113,-0.028792,0.950146,-0.161339,0.266818),
	CFrame.new(196.429214,27.028217,315.044739,0.268531,-0.078461,-0.960070,0.190455,0.981327,-0.026928,0.944255,-0.175619,0.278460),
	CFrame.new(196.439636,26.921116,315.026581,0.276352,-0.081686,-0.957579,0.201733,0.979114,-0.025304,0.939646,-0.186182,0.287058),
	CFrame.new(196.450790,26.942472,315.009674,0.275591,-0.080065,-0.957935,0.201917,0.979115,-0.023745,0.939829,-0.186879,0.286001),
	CFrame.new(196.462204,27.006470,314.993195,0.271979,-0.076826,-0.959232,0.198430,0.979863,-0.022216,0.941622,-0.184298,0.281747),
	CFrame.new(196.474380,27.128130,314.978760,0.264325,-0.069986,-0.961891,0.191213,0.981367,-0.018858,0.945288,-0.178941,0.272782),
	CFrame.new(196.486801,27.268929,314.964966,0.255247,-0.061999,-0.964886,0.182780,0.983042,-0.014814,0.949442,-0.172580,0.262251),
	CFrame.new(196.500031,27.409716,314.954071,0.244243,-0.052346,-0.968300,0.173079,0.984861,-0.009584,0.954143,-0.165251,0.249606),
	CFrame.new(196.513519,27.550499,314.944122,0.232492,-0.042208,-0.971682,0.162998,0.986619,-0.003856,0.958842,-0.157486,0.236261),
	CFrame.new(196.527847,27.633627,314.938019,0.221003,-0.032267,-0.974739,0.153917,0.988081,0.002189,0.963051,-0.150513,0.223336),
	CFrame.new(196.542435,27.697624,314.933167,0.209524,-0.022440,-0.977546,0.145211,0.989365,0.008413,0.966961,-0.143713,0.210554),
	CFrame.new(196.557983,27.675409,314.933716,0.200005,-0.013917,-0.979696,0.139038,0.990184,0.014319,0.969880,-0.139078,0.199976),
	CFrame.new(196.573853,27.624594,314.936066,0.191106,-0.005840,-0.981552,0.133733,0.990813,0.020142,0.972417,-0.135115,0.190131),
	CFrame.new(196.590607,27.541071,314.944000,0.183960,0.000977,-0.982933,0.130001,0.991191,0.025315,0.974299,-0.132439,0.182212),
	CFrame.new(196.607651,27.446699,314.953796,0.177381,0.007370,-0.984115,0.126808,0.991465,0.030282,0.975938,-0.130165,0.174932),
	CFrame.new(196.625381,27.385036,314.968079,0.171874,0.012886,-0.985035,0.123778,0.991708,0.034571,0.977312,-0.127868,0.168854),
	CFrame.new(196.643341,27.334221,314.983887,0.166710,0.018104,-0.985840,0.120814,0.991923,0.038646,0.978576,-0.125546,0.163176),
	CFrame.new(196.661758,27.361101,315.003082,0.161863,0.022771,-0.986550,0.116558,0.992294,0.042027,0.979905,-0.121793,0.157962),
	CFrame.new(196.680344,27.413746,315.023407,0.157103,0.027239,-0.987206,0.111880,0.992693,0.045195,0.981224,-0.117549,0.152908),
	CFrame.new(196.699173,27.500277,315.046021,0.151942,0.031472,-0.987888,0.104524,0.993377,0.047723,0.982847,-0.110510,0.147646),
	CFrame.new(196.718079,27.598043,315.069397,0.146618,0.035593,-0.988553,0.096283,0.994094,0.050073,0.984496,-0.102522,0.142325),
	CFrame.new(196.737015,27.661921,315.093994,0.140020,0.039730,-0.989351,0.083953,0.995120,0.051843,0.986583,-0.090318,0.136001),
	CFrame.new(196.755981,27.714565,315.118958,0.132951,0.043795,-0.990155,0.070262,0.996093,0.053492,0.988629,-0.076682,0.129354),
	CFrame.new(196.774750,27.702353,315.144012,0.123830,0.048104,-0.991137,0.051030,0.997194,0.054774,0.990990,-0.057360,0.121028),
	CFrame.new(196.793457,27.668640,315.169128,0.113951,0.052331,-0.992107,0.029953,0.997977,0.056081,0.993035,-0.036107,0.112153),
	CFrame.new(196.811768,27.599874,315.193207,0.100956,0.057312,-0.993239,-0.003035,0.998352,0.057299,0.994886,-0.002770,0.100964),
	CFrame.new(196.829941,27.519491,315.216949,0.086768,0.062125,-0.994290,-0.039950,0.997468,0.058838,0.995427,0.034617,0.089031),
	CFrame.new(196.851822,27.403423,315.243835,0.063839,0.067837,-0.995652,-0.097041,0.993381,0.061460,0.993231,0.092695,0.069999),
	CFrame.new(196.864838,27.331461,315.259552,0.049179,0.070655,-0.996288,-0.132766,0.989105,0.063592,0.989927,0.129146,0.058024),
	CFrame.new(196.881332,27.247190,315.277252,0.025668,0.072663,-0.997026,-0.174944,0.982290,0.067085,0.984244,0.172702,0.037925),
	CFrame.new(196.897552,27.166792,315.293915,0.000815,0.073325,-0.997308,-0.215028,0.973992,0.071435,0.976608,0.214391,0.016561),
	CFrame.new(196.912735,27.121462,315.306244,-0.027913,0.071382,-0.997058,-0.236860,0.968569,0.075973,0.971143,0.238284,-0.010128),
	CFrame.new(196.927582,27.087751,315.317139,-0.057862,0.068308,-0.995985,-0.252563,0.964201,0.080801,0.965849,0.256224,-0.038538),
	CFrame.new(196.941254,27.116444,315.323456,-0.092138,0.057728,-0.994071,-0.241736,0.967156,0.078571,0.965958,0.247542,-0.075157),
	CFrame.new(196.954529,27.165810,315.328247,-0.127978,0.045346,-0.990740,-0.222249,0.972238,0.073208,0.966554,0.229560,-0.114347),
	CFrame.new(196.966949,27.259668,315.331512,-0.173155,0.026111,-0.984548,-0.186890,0.980615,0.058875,0.967000,0.194197,-0.164919),
	CFrame.new(196.979095,27.368261,315.334259,-0.221763,0.006282,-0.975080,-0.146744,0.988376,0.039742,0.963996,0.151900,-0.218264),
	CFrame.new(196.990784,27.476868,315.339386,-0.285492,-0.012281,-0.958302,-0.107420,0.994027,0.019263,0.952342,0.108440,-0.285106),
	CFrame.new(197.002335,27.585476,315.345306,-0.353487,-0.028091,-0.935017,-0.069399,0.997582,-0.003734,0.932862,0.063569,-0.354582),
	CFrame.new(197.013840,27.649569,315.357483,-0.439127,-0.036884,-0.897668,-0.048262,0.998683,-0.017426,0.897128,0.035671,-0.440329),
	CFrame.new(197.025314,27.698921,315.371765,-0.527096,-0.042069,-0.848764,-0.033298,0.999029,-0.028838,0.849153,0.013062,-0.527986),
	CFrame.new(197.037170,27.663952,315.396210,-0.630931,-0.040548,-0.774779,-0.033455,0.999126,-0.025046,0.775118,0.010118,-0.631736),
	CFrame.new(197.049149,27.601067,315.424011,-0.730787,-0.037738,-0.681561,-0.037246,0.999188,-0.015390,0.681589,0.014139,-0.731599),
	CFrame.new(197.063522,27.497684,315.479034,-0.829870,-0.032987,-0.556981,-0.042426,0.999091,0.004041,0.556341,0.026984,-0.830516),
	CFrame.new(197.078705,27.380896,315.543030,-0.911184,-0.029817,-0.410920,-0.044978,0.998616,0.027274,0.409538,0.043334,-0.911263),
	CFrame.new(197.100784,27.288870,315.659180,-0.979619,-0.030882,-0.198476,-0.044481,0.996931,0.064426,0.195877,0.071942,-0.977986),
	CFrame.new(197.114487,27.241697,315.734253,-0.997395,-0.034859,-0.063158,-0.040332,0.995342,0.087566,0.059811,0.089885,-0.994155),
	CFrame.new(197.132309,27.253504,315.839752,-0.992119,-0.046173,0.116482,-0.032110,0.992274,0.119840,-0.121115,0.115156,-0.985936),
	CFrame.new(197.149979,27.290039,315.947052,-0.954383,-0.062736,0.291919,-0.018749,0.988340,0.151107,-0.297995,0.138740,-0.944431),
	CFrame.new(197.164383,27.359520,316.038025,-0.890063,-0.085913,0.447669,-0.004223,0.983590,0.180366,-0.455818,0.158647,-0.875820),
	CFrame.new(197.177704,27.439905,316.123596,-0.801503,-0.113070,0.587203,0.013781,0.978208,0.207170,-0.597832,0.174140,-0.782479),
	CFrame.new(197.186295,27.540369,316.179901,-0.671507,-0.154156,0.724785,0.033571,0.970787,0.237582,-0.740237,0.183869,-0.646716),
	CFrame.new(197.191559,27.620678,316.214783,-0.551857,-0.188671,0.812316,0.051782,0.964440,0.259182,-0.832329,0.185095,-0.522463),
	CFrame.new(197.191040,27.657213,316.211304,-0.425249,-0.226117,0.876376,0.064380,0.958279,0.278489,-0.902784,0.174849,-0.392950),
	CFrame.new(197.190536,27.693647,316.207825,-0.289980,-0.261579,0.920591,0.079734,0.951975,0.295612,-0.953705,0.159124,-0.255197),
	CFrame.new(197.189087,27.659529,316.198242,-0.151697,-0.293639,0.943803,0.089880,0.946799,0.309018,-0.984332,0.131706,-0.117234),
	CFrame.new(197.187088,27.604010,316.184998,0.023066,-0.327159,0.944688,0.103474,0.940645,0.323233,-0.994365,0.090295,0.055549),
	CFrame.new(197.184875,27.518707,316.170502,0.156595,-0.346909,0.924734,0.110427,0.936564,0.332647,-0.981470,0.050025,0.184970),
	CFrame.new(197.182495,27.426971,316.155090,0.284225,-0.360591,0.888364,0.117124,0.932697,0.341114,-0.951577,0.007096,0.307329),
	CFrame.new(197.177490,27.232916,316.123260,0.481510,-0.368895,0.795025,0.123454,0.926610,0.355180,-0.867702,-0.072874,0.491714),
	CFrame.new(197.172501,27.066580,316.092377,0.617402,-0.362114,0.698347,0.123908,0.921435,0.368245,-0.776828,-0.140824,0.613764),
	CFrame.new(197.168091,26.947197,316.065704,0.710523,-0.348945,0.611060,0.123128,0.916640,0.380277,-0.692818,-0.194957,0.694259),
	CFrame.new(197.165329,26.883224,316.049347,0.758367,-0.338230,0.557207,0.122286,0.913485,0.388061,-0.640254,-0.226154,0.734117),
	CFrame.new(197.159653,26.806528,316.016663,0.834789,-0.312878,0.453028,0.119635,0.906257,0.405444,-0.537415,-0.284262,0.793965),
	CFrame.new(197.156769,26.780939,316.000305,0.866179,-0.298102,0.401084,0.118526,0.902244,0.414617,-0.485473,-0.311594,0.816838),
	CFrame.new(197.152893,26.802916,315.979462,0.899232,-0.278119,0.337687,0.116676,0.896413,0.427586,-0.421627,-0.345099,0.838533),
	CFrame.new(197.149017,26.843445,315.958923,0.926467,-0.256499,0.275441,0.115403,0.890164,0.440784,-0.358248,-0.376585,0.854308),
	CFrame.new(197.145233,26.927658,315.940247,0.946682,-0.235360,0.219998,0.114355,0.883883,0.453513,-0.301192,-0.404175,0.863670),
	CFrame.new(197.141464,27.026318,315.922211,0.962642,-0.213447,0.166615,0.113886,0.877408,0.466032,-0.245662,-0.429647,0.868938),
	CFrame.new(197.137894,27.142843,315.906921,0.973617,-0.193472,0.120987,0.113951,0.871600,0.476789,-0.197697,-0.450424,0.870651),
	CFrame.new(197.134399,27.265278,315.892578,0.981722,-0.173629,0.077936,0.114495,0.865922,0.486899,-0.152027,-0.469076,0.869974),
	CFrame.new(197.131195,27.379774,315.881958,0.986548,-0.157463,0.043902,0.115570,0.861788,0.493928,-0.115609,-0.482210,0.868394),
	CFrame.new(197.128113,27.491648,315.872559,0.989733,-0.142346,0.012881,0.116916,0.858156,0.499898,-0.082212,-0.493260,0.865988),
	CFrame.new(197.125443,27.569750,315.867798,0.991143,-0.132544,-0.008207,0.118766,0.857075,0.501315,-0.059412,-0.497849,0.865226),
	CFrame.new(197.122925,27.636688,315.864594,0.991874,-0.124534,-0.026029,0.120735,0.856861,0.501211,-0.040115,-0.500281,0.864933),
	CFrame.new(197.120575,27.672449,315.864014,0.991346,-0.126553,-0.034887,0.127766,0.869125,0.477805,-0.030146,-0.478127,0.877773),
	CFrame.new(197.118271,27.697908,315.864288,0.990408,-0.132070,-0.040615,0.136247,0.884530,0.446143,-0.022998,-0.447398,0.894039),
	CFrame.new(197.115814,27.714052,315.864594,0.989190,-0.141036,-0.040143,0.145383,0.907517,0.394051,-0.019146,-0.395628,0.918211),
	CFrame.new(197.113312,27.727118,315.864899,0.987847,-0.150941,-0.037094,0.154616,0.929838,0.333911,-0.015909,-0.335588,0.941875),
	CFrame.new(197.110626,27.733980,315.865234,0.988305,-0.149076,-0.032073,0.151975,0.945729,0.287228,-0.012486,-0.288743,0.957325),
	CFrame.new(197.107895,27.738794,315.865570,0.989339,-0.143152,-0.026760,0.145329,0.958635,0.244740,-0.009382,-0.246020,0.969219),
	CFrame.new(197.104996,27.740507,315.865936,0.992517,-0.120052,-0.022299,0.121868,0.962571,0.242086,-0.007598,-0.242992,0.969999),
	CFrame.new(197.102036,27.741194,315.866302,0.995667,-0.091275,-0.017788,0.092803,0.963119,0.252565,-0.005921,-0.253122,0.967416),
	CFrame.new(197.098907,27.708326,315.866699,0.997616,-0.067645,-0.013646,0.068693,0.954604,0.289848,-0.006580,-0.290094,0.956975),
	CFrame.new(197.095734,27.664373,315.867096,0.998909,-0.045874,-0.008770,0.046157,0.940961,0.335354,-0.007132,-0.335393,0.942051),
	CFrame.new(197.092361,27.574677,315.867523,0.999353,-0.035505,-0.005784,0.035144,0.929329,0.367576,-0.007675,-0.367541,0.929976),
	CFrame.new(197.088943,27.469870,315.867950,0.999576,-0.028909,-0.003462,0.027923,0.918132,0.395289,-0.008249,-0.395218,0.918550),
	CFrame.new(197.085342,27.349821,315.868408,0.999312,-0.036937,-0.003454,0.035413,0.922031,0.385492,-0.011054,-0.385349,0.922704),
	CFrame.new(197.081711,27.224739,315.868866,0.998752,-0.049787,-0.003980,0.047832,0.930488,0.363186,-0.014379,-0.362923,0.931708),
	CFrame.new(197.077866,27.114901,315.869324,0.997286,-0.073483,-0.004597,0.071104,0.945034,0.319148,-0.019108,-0.318609,0.947694),
	CFrame.new(197.073959,27.010096,315.869812,0.994907,-0.100718,-0.004005,0.098123,0.958646,0.267150,-0.023067,-0.266183,0.963646),
	CFrame.new(197.066772,26.918077,315.870728,0.989608,-0.143773,-0.002120,0.142031,0.975102,0.170301,-0.022418,-0.168833,0.985390),
	CFrame.new(197.060303,26.992306,315.871521,0.986986,-0.158519,-0.027009,0.160531,0.981085,0.108177,0.009350,-0.111106,0.993765),
	CFrame.new(197.055908,27.088409,315.872070,0.985361,-0.162033,-0.052998,0.165689,0.983400,0.073977,0.040131,-0.081675,0.995851),
	CFrame.new(197.052429,27.222031,315.872528,0.982786,-0.150599,-0.107013,0.157916,0.985409,0.063499,0.095889,-0.079305,0.992228),
	CFrame.new(197.047775,27.400196,315.873108,0.974518,-0.135562,-0.178712,0.146634,0.987915,0.050216,0.169745,-0.075142,0.982619),
	CFrame.new(197.042938,27.516552,315.873718,0.954349,-0.118640,-0.274122,0.134455,0.990129,0.039573,0.266721,-0.074623,0.960880),
	CFrame.new(197.038025,27.612505,315.874329,0.921546,-0.100993,-0.374904,0.121266,0.992141,0.030816,0.368845,-0.073862,0.926551),
	CFrame.new(197.032913,27.624586,315.874969,0.871390,-0.082285,-0.483641,0.107905,0.993839,0.025329,0.478577,-0.074258,0.874900),
	CFrame.new(197.027725,27.608990,315.875610,0.805477,-0.063150,-0.589252,0.094201,0.995308,0.022102,0.585091,-0.073311,0.807647),
	CFrame.new(197.020981,27.567842,315.876434,0.705319,-0.040113,-0.707754,0.078836,0.996643,0.022078,0.704492,-0.071368,0.706114),
	CFrame.new(197.015549,27.530621,315.877136,0.612460,-0.022128,-0.790192,0.067091,0.997456,0.024069,0.787649,-0.067756,0.612387),
	CFrame.new(197.011261,27.497328,315.877655,0.548347,-0.011008,-0.836178,0.060742,0.997796,0.026698,0.834042,-0.065431,0.547807),
	CFrame.new(197.005554,27.452936,315.878387,0.457389,0.003478,-0.889260,0.052628,0.998134,0.030973,0.887708,-0.060967,0.456353),
	CFrame.new(196.999634,27.413958,315.879120,0.384960,0.014128,-0.922825,0.047267,0.998269,0.035000,0.921722,-0.057092,0.383625),
	CFrame.new(196.993637,27.376764,315.879852,0.317947,0.023396,-0.947820,0.042956,0.998313,0.039053,0.947135,-0.053131,0.316406),
	CFrame.new(196.987427,27.355810,315.880646,0.282100,0.028138,-0.958972,0.040931,0.998307,0.041333,0.958511,-0.050912,0.280471),
	CFrame.new(196.981140,27.340214,315.881439,0.256702,0.031414,-0.965980,0.039636,0.998289,0.042998,0.965678,-0.049325,0.255017),
	CFrame.new(196.974640,27.354883,315.882233,0.254891,0.031437,-0.966459,0.039265,0.998311,0.042829,0.966172,-0.048865,0.253226),
	CFrame.new(196.968079,27.379538,315.883057,0.260891,0.030396,-0.964890,0.039195,0.998347,0.042047,0.964572,-0.048788,0.259268),
	CFrame.new(196.961288,27.426428,315.883911,0.272259,0.028405,-0.961805,0.039173,0.998408,0.040575,0.961426,-0.048724,0.270713),
	CFrame.new(196.954422,27.480652,315.884766,0.285356,0.026103,-0.958066,0.039187,0.998475,0.038875,0.957620,-0.048637,0.283898),
	CFrame.new(196.947342,27.534876,315.885651,0.298411,0.023737,-0.954142,0.039391,0.998533,0.037161,0.953624,-0.048674,0.297038),
	CFrame.new(196.940201,27.589100,315.886536,0.311414,0.021349,-0.950034,0.039673,0.998584,0.035444,0.949446,-0.048729,0.310126),
	CFrame.new(196.932816,27.621086,315.887482,0.319106,0.019868,-0.947511,0.040216,0.998596,0.034484,0.946865,-0.049109,0.317858),
	CFrame.new(196.925354,27.645741,315.888397,0.325046,0.018685,-0.945514,0.040845,0.998594,0.033776,0.944816,-0.049598,0.323826),
	CFrame.new(196.917664,27.546642,315.889374,0.326561,0.013020,-0.945086,0.064988,0.997229,0.036194,0.942939,-0.073239,0.324810),
	CFrame.new(196.909897,27.406754,315.890320,0.326421,0.005879,-0.945206,0.096822,0.994513,0.039623,0.940253,-0.104450,0.324061),
	CFrame.new(196.901901,27.241322,315.891327,0.325689,-0.005474,-0.945461,0.148060,0.987941,0.045283,0.933812,-0.154733,0.322572),
	CFrame.new(196.893829,27.067472,315.892334,0.324161,-0.018156,-0.945828,0.205266,0.977346,0.051589,0.923464,-0.210870,0.320545),
	CFrame.new(196.885529,26.983189,315.893372,0.322759,-0.025793,-0.946130,0.241894,0.968679,0.056111,0.915048,-0.246974,0.318889),
	CFrame.new(196.877151,26.928423,315.894440,0.321387,-0.031755,-0.946415,0.271680,0.960514,0.060031,0.907138,-0.276415,0.317324),
	CFrame.new(196.868530,26.905264,315.895508,0.320466,-0.029789,-0.946791,0.269640,0.961025,0.061030,0.908072,-0.274851,0.316009),
	CFrame.new(196.859818,26.892521,315.896606,0.319679,-0.025230,-0.947190,0.257128,0.964444,0.061092,0.911971,-0.263079,0.314800),
	CFrame.new(196.850861,26.955570,315.897705,0.317492,-0.017070,-0.948107,0.231435,0.970997,0.060019,0.919585,-0.238480,0.312235),
	CFrame.new(196.841827,27.043594,315.898834,0.314598,-0.007796,-0.949193,0.201204,0.977792,0.058656,0.927656,-0.209434,0.309180),
	CFrame.new(196.830215,27.229240,315.900299,0.308531,0.005620,-0.951198,0.156963,0.985973,0.056738,0.938174,-0.166809,0.303321),
	CFrame.new(196.820847,27.392550,315.901459,0.302809,0.016519,-0.952908,0.120106,0.991217,0.055349,0.945453,-0.131211,0.298166),
	CFrame.new(196.813568,27.458563,315.902374,0.296919,0.023928,-0.954603,0.096752,0.993787,0.055004,0.949989,-0.108692,0.292759),
	CFrame.new(196.803879,27.546585,315.903595,0.288777,0.033586,-0.956807,0.065526,0.996348,0.054751,0.955151,-0.078506,0.285521),
	CFrame.new(196.793930,27.498915,315.904816,0.279435,0.040439,-0.959313,0.047915,0.997281,0.055997,0.958968,-0.061613,0.276737),
	CFrame.new(196.773621,27.314180,315.907379,0.259209,0.050261,-0.964513,0.031648,0.997667,0.060494,0.965303,-0.046206,0.257013),
	CFrame.new(196.760651,27.198977,315.908997,0.245828,0.054445,-0.967783,0.031823,0.997430,0.064196,0.968791,-0.046579,0.243464),
	CFrame.new(196.747253,27.225313,315.910675,0.231471,0.058756,-0.971066,0.032133,0.997168,0.067995,0.972311,-0.046942,0.228927),
	CFrame.new(196.736450,27.253731,315.912018,0.219865,0.062214,-0.973544,0.032414,0.996947,0.071030,0.974992,-0.047173,0.217178),
	CFrame.new(196.728134,27.291380,315.913055,0.210956,0.064819,-0.975344,0.032633,0.996776,0.073302,0.976951,-0.047292,0.208161),
	CFrame.new(196.717056,27.341602,315.914429,0.199049,0.068293,-0.977607,0.032957,0.996538,0.076326,0.979435,-0.047411,0.196109),
	CFrame.new(196.708496,27.386549,315.915497,0.190105,0.070840,-0.979205,0.033228,0.996358,0.078532,0.981201,-0.047466,0.187058),
	CFrame.new(196.697067,27.446478,315.916931,0.178155,0.074236,-0.981198,0.033621,0.996109,0.081468,0.983428,-0.047503,0.174965),
	CFrame.new(196.685364,27.499100,315.918396,0.166274,0.078258,-0.982969,0.028822,0.996034,0.084174,0.985658,-0.042327,0.163359),
	CFrame.new(196.673584,27.549316,315.919861,0.154378,0.082415,-0.984568,0.022334,0.995969,0.086871,0.987759,-0.035400,0.151915),
	CFrame.new(196.661514,27.577593,315.921387,0.142630,0.087423,-0.985908,0.007650,0.995965,0.089421,0.989747,-0.020297,0.141385),
	CFrame.new(196.649368,27.598646,315.922882,0.130845,0.092541,-0.987074,-0.009713,0.995706,0.092063,0.991355,-0.002458,0.131182),
	CFrame.new(196.636948,27.565599,315.924438,0.119644,0.097786,-0.987990,-0.032050,0.994999,0.094599,0.992299,0.020347,0.122179),
	CFrame.new(196.624420,27.514740,315.926025,0.108535,0.102879,-0.988755,-0.055990,0.993684,0.097246,0.992515,0.044806,0.113610),
	CFrame.new(196.611557,27.417953,315.927612,0.098338,0.107649,-0.989314,-0.081527,0.991662,0.099801,0.991808,0.070841,0.106294),
	CFrame.new(196.598587,27.306055,315.929230,0.088354,0.112136,-0.989757,-0.107530,0.988910,0.102441,0.990268,0.097377,0.099433),
	CFrame.new(196.584961,27.194166,315.930939,0.079865,0.115885,-0.990047,-0.131839,0.985722,0.104744,0.988049,0.122162,0.094003),
	CFrame.new(196.571152,27.082279,315.932678,0.071815,0.119274,-0.990261,-0.155529,0.982019,0.107002,0.985217,0.146330,0.089074),
	CFrame.new(196.556335,27.016312,315.934509,0.065744,0.121745,-0.990382,-0.174312,0.978669,0.108734,0.982493,0.165487,0.085564)
}

-- transform helper
local origin = frames[1]:Inverse()
local startCFrame = hrp.CFrame

local function getRelative(cf)
	return startCFrame * (origin * cf)
end

-- === MAIN TIMELINE CONFIGURATION ===
local targetFPS = 55        -- Framerate your recorder captured at
local playbackSpeed = 0.76     -- Change speed here (e.g. 2.0 = 2x speed, 0.5 = half speed)

local totalFrames = #frames
-- Total base duration adjusted by playback speed multiplier
local totalDuration = ((totalFrames - 1) / targetFPS) / playbackSpeed

local function calculateMainTimeline(elapsedTime)
	if elapsedTime >= totalDuration then
		return totalFrames, 1, true
	end
	
	local progress = elapsedTime / totalDuration
	local scaledIndex = progress * (totalFrames - 1) + 1
	local index = math.floor(scaledIndex)
	local alpha = scaledIndex - index
	
	return index, alpha, false
end

-- RUNTIME LOOP
local startTime = tick()
local finished = false
local conn

conn = RunService.RenderStepped:Connect(function()
	if finished then return end

	local currentTime = tick()
	local elapsedTime = currentTime - startTime
	local index, alpha, isFinished = calculateMainTimeline(elapsedTime)

	if isFinished or index >= totalFrames then
		finished = true
		conn:Disconnect()

		track:Stop()

		-- stabilize before final tween
		hrp.Anchored = true
		hrp.AssemblyLinearVelocity = Vector3.zero
		hrp.AssemblyAngularVelocity = Vector3.zero

		local tween = TweenService:Create(
			hrp,
			TweenInfo.new(0, Enum.EasingStyle.Quint, Enum.EasingDirection.Out), -- Instant transition (0s)
			{CFrame = checkpoint.CFrame}
		)

		tween:Play()
		tween.Completed:Wait()

		checkpoint:Destroy()

		-- restore state
		hrp.Anchored = false
		setGhost(false)

		hum.PlatformStand = false
		hum.Sit = oldSit
		hum.AutoRotate = oldAutoRotate

		return
	end

	local nextIndex = math.min(index + 1, totalFrames)
	local a = getRelative(frames[index])
	local b = getRelative(frames[nextIndex])

	hrp.CFrame = a:Lerp(b, alpha)
	hrp.AssemblyLinearVelocity = Vector3.zero
	hrp.AssemblyAngularVelocity = Vector3.zero
end)
local player = game.Players.LocalPlayer
local character = player.Character or player.CharacterAdded:Wait()
local humanoid = character:WaitForChild("Humanoid")
local PriorityLayers = {
    Enum.AnimationPriority.Core,
    Enum.AnimationPriority.Idle,
    Enum.AnimationPriority.Movement,
    Enum.AnimationPriority.Action,
    Enum.AnimationPriority.Action2,
    Enum.AnimationPriority.Action3,
    Enum.AnimationPriority.Action4
}
local function SetLayer(track, layer)
layer = math.clamp(layer, 1, #PriorityLayers)
track.Priority = PriorityLayers[layer]
end
local layer = 1
local animation = Instance.new("Animation")
animation.AnimationId = "http://www.roblox.com/asset/?version=1&id=21633130"
local animationTrack = humanoid:LoadAnimation(animation)
SetLayer(animationTrack, layer)
local fadeTime = 0.5
animationTrack:Play(fadeTime)
animationTrack.TimePosition = 0
animationTrack:AdjustSpeed(1)
task.delay(9, function()
animationTrack:Stop(fadeTime)
end)
local player = game.Players.LocalPlayer
local character = player.Character or player.CharacterAdded:Wait()
local humanoid = character:WaitForChild("Humanoid")
local PriorityLayers = {
Enum.AnimationPriority.Core,
Enum.AnimationPriority.Idle,
Enum.AnimationPriority.Movement,
Enum.AnimationPriority.Action,
Enum.AnimationPriority.Action2,
Enum.AnimationPriority.Action3,
Enum.AnimationPriority.Action4
}
local function SetLayer(track, layer)
layer = math.clamp(layer, 1, #PriorityLayers)
track.Priority = PriorityLayers[layer]
end
local function playPose(animId, fadeTime, timePos, speed, stopDelay, waitTime, layer)
local animation = Instance.new("Animation")
animation.AnimationId = "http://www.roblox.com/asset/?version=1&id=" .. animId
local track = humanoid:LoadAnimation(animation)
if layer then
SetLayer(track, layer)
end
track:Play(fadeTime)
track.TimePosition = timePos
track:AdjustSpeed(speed)
task.delay(stopDelay, function()
track:Stop(fadeTime)
end)
if waitTime then
task.wait(waitTime)
end
end
playPose(233087184, 0.1, 0.1, 0, 1, 1)
playPose(94861246, 0.1, 0.8, 0, 0.6, 0.6)
playPose(233087184, 0.1, 0.1, 0, 1.3, 1.3)
playPose(94861246, 0.1, 0.8, 0, 0.8, 0.8)
playPose(243282565, 0.2, 0, 1, 0.8, 0.8)
playPose(429703734, 0.3, 0, 1, 5.4, nil, 2)
playPose(193308129, 0.3, 0, 1, 1.5, 1.5, 3)
playPose(248263260, 0.2, 0, 1, 4, nil, 2)