local Players = game:GetService("Players")
local RunService = game:GetService("RunService")
local TweenService = game:GetService("TweenService")

local player = Players.LocalPlayer
local character = player.Character or player.CharacterAdded:Wait()
local hum = character:WaitForChild("Humanoid")
local hrp = character:WaitForChild("HumanoidRootPart")

-- === CHARACTER PREPARATION ===
local oldAutoRotate = hum.AutoRotate
local oldSit = hum.Sit

-- stop all animations
for _, v in ipairs(hum:GetPlayingAnimationTracks()) do
	v:Stop(0)
end

-- disable physics control
hum.Sit = true
hum.AutoRotate = false
hum.PlatformStand = true

hrp.AssemblyLinearVelocity = Vector3.zero
hrp.AssemblyAngularVelocity = Vector3.zero

-- ghost mode
local originalCollisions = {}
local function setGhost(state)
	for _, obj in ipairs(character:GetDescendants()) do
		if obj:IsA("BasePart") then
			if state then
				originalCollisions[obj] = obj.CanCollide
				obj.CanCollide = false
				obj.Massless = true
			else
				if originalCollisions[obj] ~= nil then
					obj.CanCollide = originalCollisions[obj]
				end
				obj.Massless = false
			end
		end
	end
end

setGhost(true)

-- animation (optional placeholder)
local animation = Instance.new("Animation")
animation.AnimationId = "rbxassetid://0"
local track = hum:LoadAnimation(animation)
track:Play(1, 5, 1)
track:AdjustSpeed(0.01)

-- checkpoint target
local checkpoint = Instance.new("Part")
checkpoint.Size = hrp.Size
checkpoint.CFrame = hrp.CFrame
checkpoint.Anchored = true
checkpoint.CanCollide = false
checkpoint.Transparency = 1
checkpoint.Parent = workspace


local frames = {
	CFrame.new(-374.318329,27.257982,-150.666168,0.998905,0.000000,0.046782,0.000000,1.000000,0.000000,-0.046782,0.000000,0.998905),
	CFrame.new(-374.322388,27.196962,-150.648193,0.999581,-0.003560,0.028727,0.004102,0.999815,-0.018805,-0.028655,0.018915,0.999410),
	CFrame.new(-374.318024,27.157167,-150.634171,0.999894,-0.008868,0.011535,0.009291,0.999268,-0.037119,-0.011198,0.037222,0.999244),
	CFrame.new(-374.306671,27.132877,-150.620468,0.999781,-0.018244,-0.010297,0.017586,0.998000,-0.060721,0.011384,0.060527,0.998102),
	CFrame.new(-374.287048,27.113970,-150.603607,0.998561,-0.033580,-0.041806,0.029514,0.995104,-0.094322,0.044769,0.092953,0.994664),
	CFrame.new(-374.271393,27.100855,-150.590103,0.996470,-0.047224,-0.069409,0.038495,0.991770,-0.122108,0.074604,0.119005,0.990087),
	CFrame.new(-374.259094,27.082861,-150.576462,0.993452,-0.060062,-0.097190,0.045188,0.987867,-0.148586,0.104935,0.143221,0.984112),
	CFrame.new(-374.253052,27.054523,-150.562515,0.989771,-0.070397,-0.124090,0.048440,0.983936,-0.171826,0.134192,0.164057,0.977281),
	CFrame.new(-374.250397,27.023296,-150.548416,0.985323,-0.080009,-0.150791,0.049776,0.979632,-0.194534,0.163284,0.184173,0.969236),
	CFrame.new(-374.252045,26.989315,-150.534103,0.980259,-0.088468,-0.176820,0.048960,0.975069,-0.216432,0.191559,0.203502,0.960152),
	CFrame.new(-374.257141,26.951498,-150.519638,0.974600,-0.096111,-0.202281,0.046545,0.970435,-0.236831,0.219062,0.221401,0.950260),
	CFrame.new(-374.266144,26.909346,-150.504990,0.968493,-0.102684,-0.226885,0.042585,0.965905,-0.255370,0.245372,0.237663,0.939845),
	CFrame.new(-374.274414,26.874428,-150.493927,0.963536,-0.107323,-0.245114,0.039100,0.962678,-0.267809,0.264708,0.248460,0.931771),
	CFrame.new(-374.287170,26.820250,-150.479111,0.956585,-0.113140,-0.268599,0.034539,0.959091,-0.280983,0.289401,0.259507,0.921360),
	CFrame.new(-374.301361,26.760330,-150.464218,0.949712,-0.118323,-0.289909,0.030138,0.956099,-0.291491,0.311672,0.268095,0.911584),
	CFrame.new(-374.314453,26.689943,-150.449371,0.944673,-0.122812,-0.304153,0.028590,0.954561,-0.296640,0.326764,0.271532,0.905260),
	CFrame.new(-374.325531,26.634220,-150.438187,0.941030,-0.125591,-0.314149,0.027414,0.953798,-0.299194,0.337211,0.272939,0.900996),
	CFrame.new(-374.338623,26.551926,-150.423340,0.942465,-0.125413,-0.309888,0.029166,0.954277,-0.297498,0.333029,0.271343,0.903031),
	CFrame.new(-374.349396,26.486952,-150.412155,0.944248,-0.124451,-0.304807,0.030753,0.955097,-0.294692,0.327795,0.268888,0.905676),
	CFrame.new(-374.363159,26.432123,-150.407959,0.955542,-0.111448,-0.272982,0.032653,0.960119,-0.277680,0.293042,0.256421,0.921073),
	CFrame.new(-374.376434,26.388725,-150.407333,0.967921,-0.095335,-0.232464,0.033535,0.965959,-0.256511,0.249006,0.240487,0.938170),
	CFrame.new(-374.392181,26.353983,-150.406601,0.980190,-0.073784,-0.183801,0.028399,0.970787,-0.238256,0.196011,0.228316,0.953652),
	CFrame.new(-374.408752,26.322124,-150.405823,0.989984,-0.050788,-0.131731,0.020562,0.974975,-0.221361,0.139677,0.216435,0.966254),
	CFrame.new(-374.430359,26.304873,-150.404816,0.997036,-0.019672,-0.074383,0.003524,0.977424,-0.211257,0.076860,0.210369,0.974596),
	CFrame.new(-374.453613,26.292490,-150.403717,0.999789,0.014063,-0.014995,-0.016834,0.978724,-0.204491,0.011800,0.204701,0.978754),
	CFrame.new(-374.482422,26.324509,-150.402374,0.997378,0.057041,0.044530,-0.046062,0.975026,-0.217263,-0.055811,0.214642,0.975097),
	CFrame.new(-374.513062,26.371326,-150.400940,0.989250,0.103848,0.102955,-0.076871,0.968219,-0.237996,-0.124399,0.227524,0.965794),
	CFrame.new(-374.541809,26.448242,-150.399597,0.977366,0.149471,0.149711,-0.104716,0.956710,-0.271553,-0.183820,0.249729,0.950708),
	CFrame.new(-374.569946,26.535191,-150.398270,0.961984,0.195328,0.190874,-0.129786,0.941910,-0.309777,-0.240294,0.273228,0.931453),
	CFrame.new(-374.586700,26.592041,-150.397491,0.951581,0.222450,0.212157,-0.143140,0.931427,-0.334595,-0.272039,0.288026,0.918170),
	CFrame.new(-374.599670,26.638859,-150.396881,0.943058,0.243292,0.226828,-0.152617,0.922392,-0.354825,-0.295551,0.300003,0.906999),
	CFrame.new(-374.603607,26.649693,-150.396698,0.942585,0.245568,0.226340,-0.154012,0.920990,-0.357852,-0.296334,0.302447,0.905932),
	CFrame.new(-374.604523,26.648533,-150.396652,0.944890,0.241634,0.220898,-0.152815,0.922237,-0.355144,-0.289535,0.301816,0.908337),
	CFrame.new(-374.605225,26.642422,-150.396622,0.951548,0.229686,0.204452,-0.148878,0.925878,-0.347253,-0.269056,0.299989,0.915213),
	CFrame.new(-374.605682,26.636600,-150.396606,0.957264,0.218740,0.189203,-0.145089,0.929129,-0.340101,-0.250188,0.298115,0.921159),
	CFrame.new(-374.605865,26.622602,-150.396591,0.965201,0.202015,0.166065,-0.138687,0.933787,-0.329861,-0.221707,0.295351,0.929308),
	CFrame.new(-374.606049,26.602182,-150.396591,0.974313,0.180046,0.135267,-0.129636,0.939573,-0.316856,-0.184141,0.291182,0.938778),
	CFrame.new(-374.606049,26.576494,-150.396591,0.981622,0.158908,0.105672,-0.120059,0.944659,-0.305297,-0.148338,0.286999,0.946376),
	CFrame.new(-374.605072,26.547638,-150.396637,0.987734,0.137061,0.074810,-0.109494,0.949522,-0.293972,-0.111326,0.282174,0.952882),
	CFrame.new(-374.600098,26.499687,-150.396866,0.993743,0.106870,0.032451,-0.093602,0.955407,-0.280066,-0.060934,0.275277,0.959432),
	CFrame.new(-374.588318,26.449104,-150.397415,0.997087,0.075446,-0.011208,-0.075688,0.960517,-0.267728,-0.009433,0.267797,0.963429),
	CFrame.new(-374.572021,26.396761,-150.398178,0.997503,0.043337,-0.055774,-0.056278,0.964813,-0.256844,0.042681,0.259341,0.964842),
	CFrame.new(-374.542389,26.354641,-150.399567,0.995068,0.010521,-0.098637,-0.035003,0.967638,-0.249901,0.092816,0.252121,0.963234),
	CFrame.new(-374.497589,26.318995,-150.401657,0.988725,-0.028253,-0.147056,-0.008828,0.969335,-0.245585,0.149485,0.244114,0.958156),
	CFrame.new(-374.452576,26.301706,-150.403778,0.980959,-0.060137,-0.184671,0.013255,0.969367,-0.245260,0.193763,0.238142,0.951706),
	CFrame.new(-374.404968,26.339115,-150.406006,0.974283,-0.085166,-0.208615,0.028792,0.965285,-0.259607,0.223482,0.246924,0.942913),
	CFrame.new(-374.357361,26.376522,-150.408234,0.966432,-0.110346,-0.232021,0.043828,0.960641,-0.274313,0.253158,0.254935,0.933230),
	CFrame.new(-374.320435,26.438246,-150.409958,0.960998,-0.127920,-0.245192,0.051474,0.953836,-0.295885,0.271722,0.271724,0.923219),
	CFrame.new(-374.271179,26.520542,-150.412262,0.953069,-0.151655,-0.262030,0.060953,0.943888,-0.324592,0.296553,0.293387,0.908835),
	CFrame.new(-374.229950,26.602840,-150.414200,0.945909,-0.171354,-0.275488,0.066383,0.933400,-0.352644,0.317567,0.315281,0.894287),
	CFrame.new(-374.191376,26.685137,-150.416000,0.938789,-0.189871,-0.287446,0.070080,0.922211,-0.380283,0.337290,0.336861,0.879068),
	CFrame.new(-374.170044,26.733768,-150.417007,0.933094,-0.200977,-0.298234,0.070412,0.915319,-0.396526,0.352672,0.348997,0.868230),
	CFrame.new(-374.154480,26.771175,-150.417740,0.927797,-0.209654,-0.308607,0.069579,0.909896,-0.408960,0.366540,0.357959,0.858786),
	CFrame.new(-374.156586,26.777855,-150.417633,0.924070,-0.211029,-0.318686,0.065624,0.908985,-0.411632,0.376547,0.359463,0.853814),
	CFrame.new(-374.164612,26.774288,-150.417252,0.920813,-0.209944,-0.328675,0.060676,0.909602,-0.411026,0.385256,0.358535,0.850312),
	CFrame.new(-374.181091,26.764675,-150.416489,0.918706,-0.205311,-0.337381,0.053586,0.911157,-0.408561,0.391289,0.357269,0.848087),
	CFrame.new(-374.200378,26.753044,-150.415588,0.916919,-0.199482,-0.345638,0.045795,0.912978,-0.405430,0.396436,0.355919,0.846263),
	CFrame.new(-374.222748,26.734314,-150.414536,0.915951,-0.191922,-0.352420,0.038131,0.915868,-0.399664,0.399475,0.352634,0.846209),
	CFrame.new(-374.246155,26.713219,-150.413437,0.915201,-0.183756,-0.358667,0.030517,0.919040,-0.392981,0.401841,0.348711,0.846714),
	CFrame.new(-374.267242,26.683973,-150.412445,0.914998,-0.175660,-0.363211,0.025287,0.923442,-0.382903,0.402665,0.341171,0.849390),
	CFrame.new(-374.287567,26.652012,-150.411499,0.914956,-0.167556,-0.367124,0.020848,0.928139,-0.371648,0.403015,0.332388,0.852700),
	CFrame.new(-374.301910,26.612019,-150.410828,0.917093,-0.159742,-0.365272,0.020835,0.934168,-0.356223,0.398129,0.319079,0.860047),
	CFrame.new(-374.314209,26.569347,-150.410248,0.919927,-0.152092,-0.361391,0.022183,0.940414,-0.339308,0.391463,0.304121,0.868485),
	CFrame.new(-374.323517,26.523426,-150.409821,0.926952,-0.142394,-0.347108,0.025797,0.947178,-0.319670,0.374292,0.287364,0.881662),
	CFrame.new(-374.331818,26.476423,-150.409424,0.935000,-0.132311,-0.329042,0.029772,0.953808,-0.298937,0.353395,0.269709,0.895750),
	CFrame.new(-374.341736,26.432125,-150.408966,0.946855,-0.118103,-0.299193,0.031897,0.960044,-0.278024,0.320074,0.253705,0.912790),
	CFrame.new(-374.352203,26.388725,-150.408478,0.958796,-0.102951,-0.264787,0.032744,0.965865,-0.256968,0.282203,0.237710,0.929438),
	CFrame.new(-374.368958,26.353983,-150.407684,0.972856,-0.081143,-0.216717,0.027801,0.970707,-0.238653,0.229733,0.226150,0.946614),
	CFrame.new(-374.387817,26.322124,-150.406799,0.984911,-0.057483,-0.163236,0.020165,0.974919,-0.221647,0.171882,0.215010,0.961367),
	CFrame.new(-374.417603,26.304873,-150.405411,0.995292,-0.023744,-0.093972,0.003373,0.977428,-0.211240,0.096867,0.209929,0.972906),
	CFrame.new(-374.451050,26.292490,-150.403839,0.999733,0.013256,-0.018931,-0.016849,0.978734,-0.204439,0.015819,0.204703,0.978696),
	CFrame.new(-374.494110,26.357111,-150.401825,0.995457,0.071816,0.062513,-0.055607,0.971471,-0.230546,-0.077287,0.226023,0.971051),
	CFrame.new(-374.540405,26.447403,-150.399658,0.979840,0.139501,0.143015,-0.096896,0.957846,-0.270449,-0.174714,0.251139,0.952053),
	CFrame.new(-374.571075,26.537695,-150.398224,0.963232,0.190858,0.189096,-0.125791,0.942281,-0.310295,-0.237404,0.275099,0.931644),
	CFrame.new(-374.596527,26.627987,-150.397034,0.945714,0.236934,0.222458,-0.149384,0.924794,-0.349915,-0.288634,0.297688,0.909985),
	CFrame.new(-374.603607,26.648857,-150.396698,0.942192,0.246291,0.227191,-0.154302,0.920776,-0.358276,-0.297432,0.302509,0.905551),
	CFrame.new(-374.604523,26.646582,-150.396652,0.943989,0.243321,0.222891,-0.153498,0.921742,-0.356131,-0.292102,0.301970,0.907464),
	CFrame.new(-374.605103,26.640253,-150.396637,0.948097,0.236280,0.212803,-0.151429,0.923961,-0.351235,-0.279611,0.300780,0.911783),
	CFrame.new(-374.605560,26.632572,-150.396606,0.952778,0.227893,0.200695,-0.148854,0.926556,-0.345452,-0.264682,0.299264,0.916725),
	CFrame.new(-374.605804,26.619875,-150.396591,0.958956,0.216014,0.183690,-0.144828,0.930063,-0.337650,-0.243780,0.297188,0.923174),
	CFrame.new(-374.605988,26.605505,-150.396591,0.965198,0.202998,0.164876,-0.140147,0.933783,-0.329254,-0.220796,0.294688,0.929735),
	CFrame.new(-374.606049,26.585155,-150.396591,0.972017,0.187077,0.142073,-0.133822,0.938047,-0.319625,-0.193065,0.291669,0.936833),
	CFrame.new(-374.606079,26.562813,-150.396591,0.978347,0.170239,0.117709,-0.126708,0.942343,-0.309732,-0.163651,0.288111,0.943510),
	CFrame.new(-374.605103,26.534420,-150.396637,0.984377,0.151104,0.090391,-0.117840,0.946808,-0.299448,-0.130830,0.284118,0.949821),
	CFrame.new(-374.603790,26.504007,-150.396698,0.989413,0.131282,0.061854,-0.108118,0.951125,-0.289261,-0.096806,0.279511,0.955250),
	CFrame.new(-374.599182,26.471037,-150.396912,0.993454,0.109783,0.031568,-0.096678,0.955251,-0.279552,-0.060845,0.274670,0.959612),
	CFrame.new(-374.593506,26.437212,-150.397171,0.996136,0.087827,0.000518,-0.084418,0.959066,-0.270307,-0.024237,0.269218,0.962774),
	CFrame.new(-374.582550,26.405209,-150.397690,0.997419,0.064793,-0.030922,-0.070651,0.962372,-0.262390,0.012757,0.263898,0.964466),
	CFrame.new(-374.569824,26.373814,-150.398285,0.997176,0.041513,-0.062584,-0.056205,0.965234,-0.255273,0.049811,0.258070,0.964841),
	CFrame.new(-374.549866,26.348623,-150.399216,0.995491,0.017691,-0.093190,-0.040617,0.967327,-0.250256,0.085718,0.252913,0.963684),
	CFrame.new(-374.527496,26.325500,-150.400269,0.992333,-0.006208,-0.123433,-0.024577,0.968880,-0.246309,0.121121,0.247454,0.961299),
	CFrame.new(-374.495911,26.312965,-150.401749,0.988045,-0.030209,-0.151179,-0.007863,0.969463,-0.245112,0.153967,0.243370,0.957635),
	CFrame.new(-374.461243,26.303959,-150.403366,0.982540,-0.054169,-0.177990,0.009034,0.969439,-0.245166,0.185831,0.239278,0.953002),
	CFrame.new(-374.417297,26.329760,-150.405426,0.976407,-0.078361,-0.201216,0.024815,0.966377,-0.255928,0.214506,0.244897,0.945523),
	CFrame.new(-374.370239,26.367168,-150.407623,0.969419,-0.102789,-0.222846,0.039826,0.961914,-0.270437,0.242157,0.253291,0.936592),
	CFrame.new(-374.321503,26.438240,-150.409912,0.962280,-0.126412,-0.240910,0.051304,0.953926,-0.295624,0.267181,0.272113,0.924429),
	CFrame.new(-374.272217,26.520538,-150.412216,0.954645,-0.150033,-0.257183,0.061007,0.944002,-0.324250,0.291430,0.293853,0.910340),
	CFrame.new(-374.230713,26.602837,-150.414169,0.947462,-0.169914,-0.271006,0.066646,0.933515,-0.352290,0.312848,0.315720,0.895794),
	CFrame.new(-374.191833,26.685133,-150.415985,0.940181,-0.188725,-0.283623,0.070521,0.922317,-0.379945,0.333295,0.337216,0.880454),
	CFrame.new(-374.170288,26.733767,-150.416992,0.933963,-0.200300,-0.295960,0.070727,0.915384,-0.396321,0.350300,0.349216,0.869102),
	CFrame.new(-374.150574,26.780527,-150.417923,0.926443,-0.211838,-0.311170,0.069340,0.908517,-0.412055,0.369993,0.360169,0.856378),
	CFrame.new(-374.172760,26.775196,-150.416870,0.921286,-0.212378,-0.325774,0.064496,0.909550,-0.410558,0.383501,0.357231,0.851653),
	CFrame.new(-374.186096,26.771997,-150.416260,0.918084,-0.212683,-0.334498,0.061602,0.910169,-0.409631,0.391571,0.355470,0.848713),
	CFrame.new(-374.208282,26.734673,-150.415207,0.917233,-0.199232,-0.344949,0.049277,0.916040,-0.398048,0.395291,0.348105,0.850040),
	CFrame.new(-373.977020,26.271074,-151.138214,0.924505,-0.030252,0.379968,-0.217260,0.777243,0.590501,-0.313191,-0.628473,0.711993),
	CFrame.new(-373.977020,26.271074,-151.138214,0.924505,-0.030252,0.379968,-0.217260,0.777243,0.590501,-0.313191,-0.628473,0.711993),
	CFrame.new(-373.981659,26.281145,-151.134033,0.926124,-0.028895,0.376110,-0.214297,0.780242,0.587622,-0.310437,-0.624810,0.716409),
	CFrame.new(-373.993195,26.306320,-151.123550,0.930104,-0.025590,0.366403,-0.206934,0.787668,0.580308,-0.303454,-0.615569,0.727318),
	CFrame.new(-374.025696,26.374294,-151.095215,0.941068,-0.017282,0.337775,-0.186186,0.807278,0.560033,-0.282357,-0.589918,0.756486),
	CFrame.new(-374.052216,26.428423,-151.072617,0.949514,-0.011390,0.313518,-0.169471,0.822366,0.543134,-0.264013,-0.568845,0.778917),
	CFrame.new(-374.102753,26.526609,-151.031509,0.964293,-0.002564,0.264825,-0.138039,0.848516,0.510849,-0.226018,-0.529164,0.817864),
	CFrame.new(-374.158447,26.624796,-150.990158,0.978358,0.003274,0.206895,-0.103703,0.872998,0.476572,-0.179059,-0.487713,0.854443),
	CFrame.new(-374.195984,26.686480,-150.964066,0.986120,0.005131,0.165957,-0.080987,0.887421,0.453789,-0.144946,-0.460931,0.875519),
	CFrame.new(-374.232574,26.736832,-150.942474,0.992414,0.004794,0.122850,-0.058152,0.898698,0.434696,-0.108321,-0.438543,0.892159),
	CFrame.new(-374.282532,26.789701,-150.919281,0.998265,0.001251,0.058873,-0.025543,0.910024,0.413768,-0.053058,-0.414554,0.908477),
	CFrame.new(-374.312531,26.809843,-150.909927,0.999855,-0.002558,0.016854,-0.004492,0.914204,0.405230,-0.016445,-0.405247,0.914059),
	CFrame.new(-374.344543,26.814190,-150.912201,0.999134,-0.009658,-0.040481,0.025363,0.912498,0.408293,0.032996,-0.408966,0.911953),
	CFrame.new(-374.374939,26.808943,-150.929428,0.993865,-0.018717,-0.109002,0.063637,0.902863,0.425194,0.090456,-0.429522,0.898515),
	CFrame.new(-374.384369,26.806044,-150.938095,0.990850,-0.021685,-0.133216,0.077898,0.897907,0.433237,0.110221,-0.439650,0.891381),
	CFrame.new(-374.395111,26.795549,-150.954773,0.986705,-0.024991,-0.160588,0.095604,0.888309,0.449185,0.131426,-0.458566,0.878888),
	CFrame.new(-374.405884,26.785055,-150.971451,0.981804,-0.027694,-0.187869,0.113654,0.878257,0.464487,0.152133,-0.477387,0.865423),
	CFrame.new(-374.420105,26.764620,-150.990479,0.977199,-0.029528,-0.210263,0.129964,0.866281,0.482355,0.167904,-0.498684,0.850367),
	CFrame.new(-374.440094,26.735764,-151.014175,0.971035,-0.030964,-0.236921,0.150089,0.850572,0.503985,0.185912,-0.524947,0.830583),
	CFrame.new(-374.468842,26.693649,-151.037445,0.965464,-0.031417,-0.258634,0.167899,0.834101,0.525439,0.199219,-0.550717,0.810569),
	CFrame.new(-374.508118,26.639109,-151.058334,0.960483,-0.031191,-0.276584,0.183466,0.818220,0.544846,0.209313,-0.574059,0.791609),
	CFrame.new(-374.554382,26.576284,-151.077652,0.955927,-0.030488,-0.292019,0.197526,0.802641,0.562806,0.217227,-0.595683,0.773288),
	CFrame.new(-374.627014,26.439465,-151.092484,0.952489,-0.029576,-0.303133,0.208438,0.788994,0.577964,0.222077,-0.613689,0.757673),
	CFrame.new(-374.683105,26.317120,-151.101685,0.950328,-0.028848,-0.309911,0.215321,0.779923,0.587671,0.224754,-0.625211,0.747394),
	CFrame.new(-374.689758,26.296249,-151.094910,0.953084,-0.031099,-0.301105,0.209871,0.784710,0.583254,0.218141,-0.619083,0.754421),
	CFrame.new(-374.662781,26.349119,-151.075302,0.960119,-0.035876,-0.277281,0.193842,0.800103,0.567679,0.201487,-0.598788,0.775149),
	CFrame.new(-374.636780,26.399471,-151.056656,0.966426,-0.039833,-0.253837,0.178608,0.814343,0.552217,0.184714,-0.579015,0.794117),
	CFrame.new(-374.585175,26.493881,-151.021820,0.977766,-0.045495,-0.204704,0.148352,0.840000,0.521911,0.148207,-0.540675,0.828073),
	CFrame.new(-374.548035,26.559340,-150.997742,0.984614,-0.047941,-0.168038,0.126993,0.856866,0.499653,0.120032,-0.513305,0.849771),
	CFrame.new(-374.497742,26.641161,-150.967804,0.992093,-0.048854,-0.115604,0.098017,0.876891,0.470591,0.078382,-0.478201,0.874746),
	CFrame.new(-374.419922,26.749418,-150.928741,0.998601,-0.044980,-0.027795,0.052564,0.901419,0.429746,0.005725,-0.430606,0.902522),
	CFrame.new(-374.369934,26.794737,-150.913193,0.998563,-0.038864,0.036890,0.020249,0.911090,0.411710,-0.049611,-0.410371,0.910568),
	CFrame.new(-374.329620,26.814604,-150.909439,0.994699,-0.031861,0.097771,-0.010549,0.914157,0.405222,-0.102289,-0.404105,0.908975),
	CFrame.new(-374.310425,26.814051,-150.914948,0.990493,-0.027551,0.134773,-0.030317,0.911926,0.409234,-0.134177,-0.409430,0.902421),
	CFrame.new(-374.292267,26.810875,-150.927216,0.983975,-0.023005,0.176816,-0.054222,0.906074,0.419631,-0.169862,-0.422493,0.890307),
	CFrame.new(-374.280853,26.807009,-150.939911,0.977891,-0.020138,0.208142,-0.073126,0.899577,0.430596,-0.195911,-0.436297,0.878216),
	CFrame.new(-374.271118,26.798172,-150.956284,0.971697,-0.018302,0.235522,-0.091145,0.890752,0.445258,-0.217941,-0.454122,0.863872),
	CFrame.new(-374.261993,26.787678,-150.973892,0.965057,-0.017222,0.261473,-0.109110,0.880812,0.460723,-0.238243,-0.473153,0.848155),
	CFrame.new(-374.250397,26.769730,-150.993515,0.958786,-0.017117,0.283612,-0.125859,0.869326,0.477946,-0.254732,-0.493943,0.831343),
	CFrame.new(-374.238007,26.749294,-151.013794,0.952388,-0.017692,0.304374,-0.142389,0.856948,0.495344,-0.269596,-0.515099,0.813628),
	CFrame.new(-374.219025,26.718918,-151.034378,0.946742,-0.018939,0.321437,-0.157176,0.844077,0.512669,-0.281027,-0.535887,0.796146),
	CFrame.new(-374.174896,26.651674,-151.069656,0.937749,-0.022102,0.346610,-0.180674,0.821267,0.541181,-0.296621,-0.570115,0.766149),
	CFrame.new(-374.121765,26.576283,-151.097916,0.931440,-0.025319,0.363014,-0.197527,0.802641,0.562806,-0.305620,-0.595925,0.742610),
	CFrame.new(-374.008392,26.347815,-151.130981,0.925599,-0.029355,0.377366,-0.214030,0.781701,0.585777,-0.312183,-0.622962,0.717259),
	CFrame.new(-373.979340,26.276110,-151.136124,0.925316,-0.029571,0.378041,-0.215777,0.778744,0.589065,-0.311817,-0.626644,0.714204),
	CFrame.new(-373.990906,26.301285,-151.125641,0.929316,-0.026241,0.368351,-0.208401,0.786191,0.581784,-0.304861,-0.617426,0.725151),
	CFrame.new(-374.007599,26.336531,-151.110962,0.935049,-0.021777,0.353850,-0.197700,0.796476,0.571438,-0.294277,-0.604278,0.740438),
	CFrame.new(-374.052216,26.428423,-151.072617,0.949514,-0.011390,0.313518,-0.169471,0.822366,0.543134,-0.264013,-0.568845,0.778917),
	CFrame.new(-374.094330,26.510244,-151.038361,0.961998,-0.003866,0.273031,-0.143174,0.844284,0.516417,-0.232512,-0.535883,0.811645),
	CFrame.new(-374.167908,26.641161,-150.983261,0.980425,0.003947,0.196853,-0.098017,0.876891,0.470591,-0.170761,-0.480674,0.860112),
	CFrame.new(-374.223419,26.724243,-150.947876,0.991015,0.004981,0.133658,-0.063789,0.895937,0.439577,-0.117559,-0.444153,0.888205),
	CFrame.new(-374.267517,26.779633,-150.923950,0.996802,0.002992,0.079851,-0.036189,0.907850,0.417731,-0.071243,-0.419285,0.905055),
	CFrame.new(-374.297516,26.799772,-150.914597,0.999282,-0.000599,0.037871,-0.014976,0.912142,0.409601,-0.034790,-0.409874,0.911479),
	CFrame.new(-374.334747,26.814465,-150.910355,0.999737,-0.007264,-0.021754,0.015478,0.913614,0.406287,0.016924,-0.406517,0.913486),
	CFrame.new(-374.354370,26.813913,-150.914047,0.998174,-0.011999,-0.059196,0.035278,0.911343,0.410134,0.049027,-0.411473,0.910102),
	CFrame.new(-374.368683,26.810875,-150.923645,0.995544,-0.016583,-0.092832,0.054222,0.906074,0.419631,0.077154,-0.422794,0.902935),
	CFrame.new(-374.384369,26.806044,-150.938095,0.990850,-0.021685,-0.133216,0.077898,0.897907,0.433237,0.110221,-0.439650,0.891381),
	CFrame.new(-374.395111,26.795549,-150.954773,0.986705,-0.024991,-0.160587,0.095604,0.888309,0.449185,0.131426,-0.458566,0.878888),
	CFrame.new(-374.409424,26.779947,-150.976212,0.980700,-0.028206,-0.193474,0.117703,0.875314,0.469011,0.156122,-0.482732,0.861740),
	CFrame.new(-374.427246,26.754402,-151.000000,0.974708,-0.030230,-0.221426,0.138229,0.860092,0.491054,0.175602,-0.509242,0.842518),
	CFrame.new(-374.445862,26.727341,-151.018829,0.969958,-0.031111,-0.241273,0.153626,0.847340,0.508344,0.188625,-0.530138,0.826664),
	CFrame.new(-374.468842,26.693649,-151.037445,0.965464,-0.031417,-0.258634,0.167899,0.834101,0.525439,0.199219,-0.550717,0.810569),
	CFrame.new(-374.517365,26.626545,-151.062195,0.959590,-0.031085,-0.279679,0.186266,0.815149,0.548486,0.210930,-0.578417,0.787999),
	CFrame.new(-374.554382,26.576284,-151.077652,0.955927,-0.030488,-0.292019,0.197526,0.802641,0.562806,0.217228,-0.595683,0.773288),
	CFrame.new(-374.602814,26.485073,-151.087540,0.953648,-0.029910,-0.299435,0.204792,0.793587,0.572957,0.220491,-0.607722,0.762928),
	CFrame.new(-374.651215,26.393860,-151.097427,0.951318,-0.029212,-0.306825,0.212093,0.784358,0.582923,0.223632,-0.619620,0.752369),
	CFrame.new(-374.676727,26.332468,-151.100830,0.950526,-0.028923,-0.309295,0.214675,0.780813,0.586725,0.224531,-0.624095,0.748392),
	CFrame.new(-374.699707,26.276108,-151.102386,0.950783,-0.029527,-0.308447,0.215351,0.778703,0.589276,0.222789,-0.626698,0.746736),
	CFrame.new(-374.692108,26.291214,-151.096786,0.953877,-0.032202,-0.298464,0.209650,0.783061,0.585544,0.214860,-0.621110,0.753696),
	CFrame.new(-374.681976,26.311356,-151.089310,0.957844,-0.035656,-0.285068,0.202111,0.788824,0.580437,0.204172,-0.613584,0.762777),
	CFrame.new(-374.655609,26.361706,-151.070679,0.967040,-0.043276,-0.250921,0.183045,0.803176,0.566924,0.177000,-0.594168,0.784624),
	CFrame.new(-374.635834,26.399469,-151.056702,0.973164,-0.048435,-0.224956,0.169063,0.813684,0.556180,0.156104,-0.579287,0.800036),
	CFrame.new(-374.601929,26.461151,-151.033951,0.981812,-0.055050,-0.181701,0.146024,0.830601,0.537382,0.121338,-0.554141,0.823532),
	CFrame.new(-374.565491,26.526609,-151.009827,0.988993,-0.060405,-0.135074,0.122247,0.847880,0.515903,0.083363,-0.526736,0.845931),
	CFrame.new(-374.526062,26.592066,-150.985855,0.994165,-0.062803,-0.087700,0.098092,0.864568,0.492849,0.044870,-0.498576,0.865684),
	CFrame.new(-374.485657,26.657524,-150.961914,0.997204,-0.063173,-0.039919,0.074521,0.880433,0.468278,0.005564,-0.469943,0.882679),
	CFrame.new(-374.446899,26.711655,-150.942383,0.998214,-0.059737,0.000093,0.053399,0.892996,0.446885,-0.026778,-0.446082,0.894592),
	CFrame.new(-374.408661,26.762007,-150.924301,0.997810,-0.054543,0.037423,0.033441,0.904084,0.426044,-0.057071,-0.423860,0.903928),
	CFrame.new(-374.376648,26.789701,-150.914871,0.997197,-0.046050,0.058964,0.017536,0.910033,0.414166,-0.072732,-0.411971,0.908290),
	CFrame.new(-374.346680,26.809843,-150.908325,0.996501,-0.036510,0.075182,0.002921,0.914206,0.405240,-0.083527,-0.403603,0.911114),
	CFrame.new(-374.326050,26.809923,-150.911072,0.996382,-0.026284,0.080821,-0.008825,0.913837,0.405986,-0.084528,-0.405230,0.910299),
	CFrame.new(-374.308472,26.803316,-150.916901,0.996424,-0.015873,0.082994,-0.019622,0.911881,0.409986,-0.082188,-0.410148,0.908308),
	CFrame.new(-374.297729,26.788881,-150.928360,0.996367,-0.006887,0.084887,-0.029423,0.907521,0.418975,-0.079922,-0.419950,0.904021),
	CFrame.new(-374.289246,26.771839,-150.941681,0.996228,0.001601,0.086766,-0.038863,0.902198,0.429568,-0.077592,-0.431319,0.898857),
	CFrame.new(-374.283783,26.750101,-150.958435,0.996043,0.008714,0.088449,-0.047180,0.895227,0.443105,-0.075321,-0.445525,0.892096),
	CFrame.new(-374.279297,26.726799,-150.976334,0.995811,0.015343,0.090141,-0.055089,0.887489,0.457525,-0.072980,-0.460574,0.884616),
	CFrame.new(-374.274109,26.701929,-150.995438,0.995577,0.020686,0.091645,-0.061797,0.878931,0.472929,-0.070767,-0.476501,0.876321),
	CFrame.new(-374.268616,26.676540,-151.014969,0.995324,0.025578,0.093141,-0.068072,0.869879,0.488546,-0.068526,-0.492602,0.867552),
	CFrame.new(-374.258636,26.652714,-151.033508,0.995102,0.029302,0.094412,-0.073109,0.860986,0.503347,-0.066539,-0.507784,0.858911),
	CFrame.new(-374.247131,26.629412,-151.051727,0.994881,0.032620,0.095640,-0.077709,0.851978,0.517778,-0.064593,-0.522560,0.850152),
	CFrame.new(-374.227325,26.610802,-151.066772,0.994712,0.034898,0.096588,-0.081060,0.844266,0.529759,-0.063058,-0.534787,0.842631),
	CFrame.new(-374.204773,26.593760,-151.080765,0.994559,0.036823,0.097454,-0.083984,0.836903,0.540870,-0.061644,-0.546111,0.835442),
	CFrame.new(-374.170105,26.584541,-151.089386,0.994468,0.037833,0.097991,-0.085652,0.832094,0.547981,-0.060806,-0.553343,0.830731),
	CFrame.new(-374.131439,26.577934,-151.096207,0.994399,0.038537,0.098417,-0.086900,0.828132,0.553756,-0.060162,-0.559206,0.826843),
	CFrame.new(-374.407104,26.348253,-150.405899,0.977789,-0.074007,-0.196091,0.020503,0.964873,-0.261915,0.208587,0.252077,0.944960),
	CFrame.new(-374.346436,26.410322,-150.408737,0.973101,-0.092729,-0.210893,0.029740,0.958320,-0.284143,0.228452,0.270228,0.935300),
	CFrame.new(-374.269318,26.541107,-150.412354,0.961058,-0.132947,-0.242268,0.047320,0.942896,-0.329710,0.272267,0.305406,0.912468),
	CFrame.new(-374.222839,26.627560,-150.414536,0.951733,-0.160052,-0.261891,0.057647,0.931301,-0.359659,0.301464,0.327203,0.895577),
	CFrame.new(-374.186066,26.702936,-150.416260,0.940597,-0.185045,-0.284666,0.064390,0.920432,-0.385562,0.333362,0.344329,0.877671),
	CFrame.new(-374.157684,26.765005,-150.417587,0.929389,-0.206447,-0.305965,0.068443,0.910965,-0.406766,0.362699,0.357102,0.860771),
	CFrame.new(-374.156128,26.777855,-150.417664,0.923284,-0.211455,-0.320676,0.065220,0.909016,-0.411626,0.378540,0.359133,0.853071),
	CFrame.new(-374.163513,26.774288,-150.417313,0.918923,-0.210932,-0.333300,0.059737,0.909676,-0.410999,0.389888,0.357766,0.848523),
	CFrame.new(-374.179047,26.764675,-150.416580,0.916577,-0.206515,-0.342400,0.052694,0.911221,-0.408534,0.396370,0.356411,0.846086),
	CFrame.new(-374.197296,26.753046,-150.415726,0.914860,-0.200786,-0.350309,0.045143,0.913016,-0.405419,0.401240,0.355087,0.844346),
	CFrame.new(-374.219238,26.734316,-150.414703,0.914363,-0.193077,-0.355896,0.037831,0.915875,-0.399678,0.403125,0.351987,0.844746),
	CFrame.new(-374.242432,26.713221,-150.413620,0.914227,-0.184683,-0.360667,0.030596,0.919015,-0.393034,0.404045,0.348287,0.845839),
	CFrame.new(-374.264893,26.683977,-150.412567,0.914487,-0.176202,-0.364233,0.025401,0.923423,-0.382942,0.403817,0.340944,0.848934),
	CFrame.new(-374.287109,26.652016,-150.411530,0.914854,-0.167664,-0.367329,0.020872,0.928136,-0.371657,0.403245,0.332345,0.852608),
	CFrame.new(-374.305328,26.612022,-150.410675,0.918280,-0.158795,-0.362692,0.020859,0.934180,-0.356192,0.395381,0.319519,0.861151),
	CFrame.new(-374.322205,26.569349,-150.409882,0.922641,-0.149926,-0.355325,0.022176,0.940443,-0.339228,0.385022,0.305105,0.871016),
	CFrame.new(-374.336456,26.523430,-150.409210,0.932072,-0.138596,-0.334713,0.026102,0.947216,-0.319532,0.361331,0.289090,0.886491),
	CFrame.new(-374.349854,26.476427,-150.408585,0.942495,-0.126840,-0.309216,0.030368,0.953860,-0.298711,0.332837,0.272144,0.902861),
	CFrame.new(-374.363159,26.432127,-150.407959,0.955541,-0.111449,-0.272985,0.032653,0.960118,-0.277682,0.293046,0.256422,0.921071),
	CFrame.new(-374.376434,26.388729,-150.407333,0.967920,-0.095336,-0.232468,0.033535,0.965959,-0.256513,0.249010,0.240488,0.938168),
	CFrame.new(-374.392181,26.353985,-150.406601,0.980189,-0.073786,-0.183806,0.028400,0.970787,-0.238258,0.196016,0.228317,0.953650),
	CFrame.new(-374.408752,26.322126,-150.405823,0.989983,-0.050790,-0.131736,0.020563,0.974975,-0.221363,0.139683,0.216436,0.966253),
	CFrame.new(-374.430359,26.304874,-150.404816,0.997035,-0.019675,-0.074389,0.003526,0.977424,-0.211258,0.076866,0.210369,0.974596),
	CFrame.new(-374.453613,26.292492,-150.403732,0.999789,0.014060,-0.015000,-0.016832,0.978724,-0.204492,0.011806,0.204701,0.978753),
	CFrame.new(-374.482391,26.324503,-150.402374,0.997379,0.057036,0.044524,-0.046059,0.975026,-0.217261,-0.055804,0.214640,0.975098),
	CFrame.new(-374.513062,26.371323,-150.400940,0.989251,0.103844,0.102950,-0.076868,0.968220,-0.237994,-0.124392,0.227523,0.965795),
	CFrame.new(-374.541809,26.448235,-150.399597,0.977368,0.149466,0.149707,-0.104713,0.956711,-0.271549,-0.183814,0.249727,0.950710),
	CFrame.new(-374.569946,26.535181,-150.398270,0.961986,0.195323,0.190871,-0.129784,0.941911,-0.309773,-0.240289,0.273226,0.931455),
	CFrame.new(-374.586700,26.592035,-150.397491,0.951581,0.222448,0.212155,-0.143139,0.931428,-0.334593,-0.272037,0.288025,0.918171),
	CFrame.new(-374.599670,26.638853,-150.396881,0.943058,0.243290,0.226827,-0.152616,0.922393,-0.354823,-0.295549,0.300002,0.907000),
	CFrame.new(-374.603607,26.649693,-150.396698,0.942585,0.245569,0.226341,-0.154012,0.920990,-0.357852,-0.296335,0.302447,0.905932),
	CFrame.new(-374.604523,26.648533,-150.396652,0.944890,0.241634,0.220899,-0.152815,0.922237,-0.355144,-0.289536,0.301816,0.908337),
	CFrame.new(-374.605103,26.643877,-150.396637,0.950060,0.232426,0.208240,-0.149801,0.925053,-0.349052,-0.273761,0.300425,0.913674),
	CFrame.new(-374.605560,26.638056,-150.396606,0.955870,0.221475,0.193032,-0.146051,0.928324,-0.341883,-0.254915,0.298603,0.919703),
	CFrame.new(-374.605804,26.626102,-150.396591,0.963297,0.206193,0.171884,-0.140319,0.932640,-0.332406,-0.228846,0.296087,0.927341),
	CFrame.new(-374.605988,26.612104,-150.396591,0.970585,0.189508,0.148495,-0.133671,0.937154,-0.322297,-0.200241,0.292967,0.934919),
	CFrame.new(-374.606049,26.589340,-150.396591,0.978138,0.169466,0.120526,-0.124905,0.942154,-0.311038,-0.166264,0.289183,0.942724),
	CFrame.new(-374.606079,26.563652,-150.396591,0.984760,0.148383,0.090720,-0.115101,0.947083,-0.299641,-0.130381,0.284632,0.949729),
	CFrame.new(-374.603088,26.528461,-150.396729,0.990469,0.124956,0.057944,-0.103230,0.951953,-0.288320,-0.091188,0.279590,0.955779),
	CFrame.new(-374.599121,26.490103,-150.396912,0.994612,0.100868,0.023911,-0.090335,0.956504,-0.277378,-0.050850,0.273724,0.960463),
	CFrame.new(-374.588348,26.449108,-150.397415,0.997087,0.075448,-0.011205,-0.075690,0.960517,-0.267729,-0.009437,0.267797,0.963429),
	CFrame.new(-374.578552,26.417702,-150.397873,0.997703,0.056138,-0.037905,-0.064115,0.963185,-0.261081,0.021853,0.262912,0.964572),
	CFrame.new(-374.554260,26.371492,-150.399017,0.996396,0.023611,-0.081476,-0.043557,0.966602,-0.252555,0.072792,0.255194,0.964146),
	CFrame.new(-374.530548,26.337795,-150.400116,0.993270,-0.002505,-0.115797,-0.026402,0.968550,-0.247414,0.112775,0.248806,0.961965),
	CFrame.new(-374.497589,26.318996,-150.401657,0.988725,-0.028250,-0.147053,-0.008830,0.969335,-0.245585,0.149482,0.244115,0.958156),
	CFrame.new(-374.461578,26.305166,-150.403351,0.982710,-0.053781,-0.177166,0.008839,0.969420,-0.245249,0.184938,0.239443,0.953134),
	CFrame.new(-374.416870,26.329760,-150.405441,0.976063,-0.078891,-0.202676,0.024953,0.966359,-0.255985,0.216052,0.244800,0.945196),
	CFrame.new(-374.369263,26.367167,-150.407669,0.968505,-0.104036,-0.226219,0.040116,0.961855,-0.270602,0.245743,0.253005,0.935735),
	CFrame.new(-374.320435,26.438236,-150.409958,0.960999,-0.127918,-0.245190,0.051473,0.953837,-0.295882,0.271720,0.271722,0.923220),
	CFrame.new(-374.271179,26.520535,-150.412262,0.953070,-0.151653,-0.262028,0.060952,0.943889,-0.324589,0.296550,0.293385,0.908836),
	CFrame.new(-374.229950,26.602833,-150.414200,0.945910,-0.171352,-0.275486,0.066383,0.933401,-0.352642,0.317565,0.315279,0.894288),
	CFrame.new(-374.191406,26.685129,-150.416000,0.938789,-0.189869,-0.287445,0.070080,0.922212,-0.380280,0.337288,0.336859,0.879069),
	CFrame.new(-374.170044,26.733765,-150.417007,0.933094,-0.200977,-0.298234,0.070412,0.915320,-0.396525,0.352671,0.348996,0.868231),
	CFrame.new(-374.154480,26.771172,-150.417740,0.927797,-0.209653,-0.308606,0.069579,0.909896,-0.408959,0.366539,0.357958,0.858787),
	CFrame.new(-374.156586,26.777855,-150.417633,0.924071,-0.211029,-0.318685,0.065624,0.908985,-0.411632,0.376546,0.359463,0.853815),
	CFrame.new(-374.164612,26.774288,-150.417252,0.920813,-0.209944,-0.328674,0.060677,0.909602,-0.411026,0.385255,0.358535,0.850312),
	CFrame.new(-374.181091,26.764675,-150.416489,0.918707,-0.205312,-0.337380,0.053587,0.911156,-0.408561,0.391289,0.357269,0.848087),
	CFrame.new(-374.200378,26.753046,-150.415588,0.916920,-0.199482,-0.345638,0.045796,0.912978,-0.405431,0.396436,0.355919,0.846263),
	CFrame.new(-374.222748,26.734316,-150.414536,0.915951,-0.191923,-0.352419,0.038132,0.915868,-0.399665,0.399474,0.352635,0.846209),
	CFrame.new(-374.246155,26.713221,-150.413437,0.915201,-0.183756,-0.358666,0.030518,0.919040,-0.392982,0.401841,0.348712,0.846714),
	CFrame.new(-374.267242,26.683977,-150.412445,0.914998,-0.175661,-0.363211,0.025288,0.923442,-0.382904,0.402665,0.341172,0.849390),
	CFrame.new(-374.287567,26.652016,-150.411499,0.914956,-0.167557,-0.367124,0.020848,0.928139,-0.371649,0.403015,0.332389,0.852700),
	CFrame.new(-374.301910,26.612022,-150.410828,0.917092,-0.159743,-0.365272,0.020835,0.934168,-0.356225,0.398130,0.319081,0.860047),
	CFrame.new(-374.314209,26.569351,-150.410248,0.919926,-0.152092,-0.361391,0.022182,0.940413,-0.339309,0.391464,0.304123,0.868485),
	CFrame.new(-374.323517,26.523432,-150.409821,0.926951,-0.142395,-0.347110,0.025796,0.947177,-0.319672,0.374294,0.287366,0.881660),
	CFrame.new(-374.331818,26.476429,-150.409424,0.934999,-0.132312,-0.329043,0.029772,0.953808,-0.298939,0.353397,0.269711,0.895749),
	CFrame.new(-374.341736,26.432129,-150.408966,0.946854,-0.118105,-0.299196,0.031897,0.960044,-0.278026,0.320078,0.253707,0.912789),
	CFrame.new(-374.352203,26.388731,-150.408478,0.958795,-0.102952,-0.264790,0.032744,0.965864,-0.256970,0.282207,0.237711,0.929437),
	CFrame.new(-374.373657,26.346022,-150.407471,0.976194,-0.075175,-0.203453,0.025993,0.971802,-0.234361,0.215334,0.223494,0.950622),
	CFrame.new(-374.392517,26.314163,-150.406586,0.987379,-0.051666,-0.149710,0.018092,0.975899,-0.217469,0.157338,0.212016,0.964517),
	CFrame.new(-374.425964,26.301779,-150.405014,0.997057,-0.014465,-0.075280,-0.001622,0.977834,-0.209378,0.076640,0.208884,0.974933),
	CFrame.new(-374.470978,26.311956,-150.402908,0.999030,0.038736,0.020945,-0.033427,0.976710,-0.211943,-0.028667,0.211038,0.977057),
	CFrame.new(-374.551971,26.469969,-150.399124,0.974194,0.156663,0.162491,-0.106524,0.953796,-0.280937,-0.198996,0.256378,0.945871),
	CFrame.new(-374.590179,26.605406,-150.397324,0.950402,0.225369,0.214348,-0.143713,0.929393,-0.339965,-0.275830,0.292298,0.915685),
	CFrame.new(-374.604065,26.647718,-150.396683,0.943094,0.244806,0.225043,-0.153902,0.921260,-0.357203,-0.294769,0.302242,0.906511),
	CFrame.new(-374.605103,26.640253,-150.396637,0.948096,0.236280,0.212804,-0.151429,0.923960,-0.351236,-0.279612,0.300780,0.911783),
	CFrame.new(-374.605682,26.630653,-150.396606,0.953912,0.225800,0.197653,-0.148196,0.927197,-0.344011,-0.260941,0.298865,0.917927),
	CFrame.new(-374.605896,26.612692,-150.396591,0.962146,0.209502,0.174312,-0.142515,0.931937,-0.333440,-0.232304,0.295976,0.926517),
	CFrame.new(-374.606049,26.596329,-150.396591,0.968510,0.195523,0.154139,-0.137257,0.935824,-0.324645,-0.207723,0.293265,0.933192),
	CFrame.new(-374.606049,26.573986,-150.396591,0.975296,0.178650,0.129931,-0.130306,0.940220,-0.314655,-0.178376,0.289951,0.940271),
	CFrame.new(-374.605743,26.549627,-150.396606,0.981393,0.161058,0.104536,-0.122559,0.944544,-0.304658,-0.147806,0.286178,0.946708),
	CFrame.new(-374.604431,26.519217,-150.396667,0.987050,0.141179,0.076164,-0.113027,0.949001,-0.294316,-0.113831,0.281896,0.952668),
	CFrame.new(-374.602051,26.487951,-150.396774,0.991562,0.120818,0.046992,-0.102670,0.953212,-0.284334,-0.079146,0.277110,0.957573),
	CFrame.new(-374.597778,26.462582,-150.396973,0.994262,0.104281,0.023832,-0.093648,0.956237,-0.277201,-0.051696,0.273379,0.960516),
	CFrame.new(-374.593506,26.437214,-150.397171,0.996135,0.087829,0.000520,-0.084419,0.959066,-0.270307,-0.024239,0.269219,0.962774),
	CFrame.new(-374.579376,26.397362,-150.397842,0.997505,0.058958,-0.038822,-0.067066,0.963125,-0.260563,0.022028,0.262517,0.964676),
	CFrame.new(-374.566650,26.365967,-150.398438,0.996871,0.035725,-0.070517,-0.052552,0.965887,-0.253575,0.059053,0.256487,0.964742),
	CFrame.new(-374.544281,26.342844,-150.399475,0.994843,0.011701,-0.100749,-0.036621,0.967755,-0.249218,0.094584,0.251623,0.963193),
	CFrame.new(-374.527496,26.325500,-150.400269,0.992334,-0.006206,-0.123432,-0.024578,0.968880,-0.246309,0.121119,0.247454,0.961299),
	CFrame.new(-374.495911,26.312965,-150.401749,0.988045,-0.030208,-0.151177,-0.007864,0.969463,-0.245112,0.153965,0.243370,0.957635),
	CFrame.new(-374.461243,26.303959,-150.403366,0.982541,-0.054168,-0.177988,0.009033,0.969439,-0.245166,0.185829,0.239278,0.953003),
	CFrame.new(-374.370270,26.367167,-150.407623,0.969420,-0.102787,-0.222845,0.039825,0.961914,-0.270436,0.242155,0.253291,0.936592),
	CFrame.new(-374.321533,26.438236,-150.409912,0.962280,-0.126411,-0.240910,0.051304,0.953926,-0.295622,0.267180,0.272112,0.924430),
	CFrame.new(-374.272217,26.520535,-150.412216,0.954645,-0.150032,-0.257182,0.061007,0.944003,-0.324248,0.291428,0.293852,0.910341),
	CFrame.new(-374.230743,26.602831,-150.414169,0.947463,-0.169913,-0.271006,0.066646,0.933516,-0.352288,0.312846,0.315718,0.895795),
	CFrame.new(-374.191864,26.685129,-150.415985,0.940182,-0.188724,-0.283622,0.070521,0.922317,-0.379944,0.333294,0.337215,0.880455),
	CFrame.new(-374.170288,26.733765,-150.416992,0.933964,-0.200300,-0.295959,0.070727,0.915384,-0.396320,0.350299,0.349216,0.869102),
	CFrame.new(-374.154510,26.771172,-150.417725,0.927978,-0.209515,-0.308155,0.069646,0.909910,-0.408918,0.366067,0.358005,0.858968),
	CFrame.new(-374.163879,26.777330,-150.417297,0.923376,-0.212167,-0.319941,0.066430,0.909137,-0.411165,0.378106,0.358406,0.853570),
	CFrame.new(-374.181641,26.773064,-150.416458,0.919160,-0.212582,-0.331592,0.062566,0.909963,-0.409943,0.388883,0.356057,0.849702),
	CFrame.new(-374.199402,26.749605,-150.415634,0.917601,-0.204628,-0.340787,0.054204,0.913725,-0.402702,0.393790,0.351047,0.849527),
	CFrame.new(-374.217163,26.719744,-150.414795,0.916829,-0.193819,-0.349083,0.044356,0.918310,-0.393369,0.396809,0.345168,0.850530),
	CFrame.new(-373.977020,26.271074,-151.138214,0.924505,-0.030252,0.379968,-0.217260,0.777243,0.590501,-0.313191,-0.628473,0.711993),
	CFrame.new(-373.977020,26.271074,-151.138214,0.924505,-0.030252,0.379968,-0.217260,0.777243,0.590501,-0.313191,-0.628473,0.711993),
	CFrame.new(-373.983948,26.286179,-151.131927,0.926928,-0.028225,0.374177,-0.212819,0.781735,0.586173,-0.309051,-0.622972,0.718605),
	CFrame.new(-373.993195,26.306318,-151.123550,0.930104,-0.025590,0.366403,-0.206934,0.787667,0.580309,-0.303454,-0.615569,0.727317),
	CFrame.new(-374.013611,26.349115,-151.105713,0.937084,-0.020245,0.348516,-0.193844,0.800102,0.567680,-0.290341,-0.599522,0.745839),
	CFrame.new(-374.037781,26.399467,-151.084717,0.944932,-0.014457,0.326948,-0.178609,0.814342,0.552219,-0.274231,-0.580205,0.766916),
	CFrame.new(-374.069061,26.461147,-151.058914,0.954706,-0.008179,0.297438,-0.158833,0.831281,0.532676,-0.251611,-0.555792,0.792330),
	CFrame.new(-374.102753,26.526604,-151.031509,0.964292,-0.002564,0.264828,-0.138041,0.848514,0.510850,-0.226020,-0.529166,0.817862),
	CFrame.new(-374.139526,26.592062,-151.003952,0.973920,0.001680,0.226884,-0.115243,0.865041,0.488285,-0.195444,-0.501698,0.842675),
	CFrame.new(-374.177368,26.657520,-150.976364,0.982391,0.004536,0.186783,-0.092388,0.880726,0.464529,-0.162397,-0.473605,0.865636),
	CFrame.new(-374.214264,26.711651,-150.953278,0.989499,0.005100,0.144449,-0.069476,0.893136,0.444388,-0.126747,-0.449757,0.884112),
	CFrame.new(-374.250885,26.762003,-150.931686,0.994859,0.004214,0.101186,-0.047028,0.904099,0.424727,-0.089693,-0.427301,0.899649),
	CFrame.new(-374.282532,26.789701,-150.919281,0.998264,0.001252,0.058876,-0.025545,0.910024,0.413769,-0.053061,-0.414555,0.908476),
	CFrame.new(-374.312531,26.809841,-150.909927,0.999855,-0.002557,0.016858,-0.004494,0.914203,0.405231,-0.016448,-0.405248,0.914059),
	CFrame.new(-374.334747,26.814465,-150.910355,0.999737,-0.007263,-0.021751,0.015477,0.913614,0.406287,0.016921,-0.406517,0.913487),
	CFrame.new(-374.354370,26.813913,-150.914047,0.998174,-0.011999,-0.059193,0.035277,0.911343,0.410133,0.049024,-0.411473,0.910103),
	CFrame.new(-374.368683,26.810875,-150.923645,0.995544,-0.016582,-0.092829,0.054221,0.906074,0.419630,0.077152,-0.422793,0.902936),
	CFrame.new(-374.381226,26.807011,-150.935211,0.991921,-0.020727,-0.125149,0.073125,0.899578,0.430595,0.103656,-0.436268,0.893826),
	CFrame.new(-374.392426,26.798174,-150.950607,0.987813,-0.024221,-0.153750,0.091144,0.890752,0.445257,0.126169,-0.453843,0.882104),
	CFrame.new(-374.403198,26.787680,-150.967285,0.983100,-0.027075,-0.181057,0.109109,0.880813,0.460722,0.147003,-0.472690,0.868881),
	CFrame.new(-374.416565,26.769732,-150.985733,0.978398,-0.029123,-0.204670,0.125857,0.869327,0.477945,0.164006,-0.493379,0.854212),
	CFrame.new(-374.430786,26.749294,-151.004761,0.973417,-0.030528,-0.226997,0.142387,0.856949,0.495343,0.179403,-0.514496,0.838516),
	CFrame.new(-374.451599,26.718920,-151.023483,0.968863,-0.031229,-0.245619,0.157175,0.844078,0.512668,0.191312,-0.535310,0.822705),
	CFrame.new(-374.474579,26.685228,-151.042099,0.964295,-0.031423,-0.262959,0.171497,0.830714,0.529625,0.201801,-0.555812,0.806442),
	CFrame.new(-374.508118,26.639112,-151.058334,0.960484,-0.031191,-0.276583,0.183466,0.818220,0.544845,0.209312,-0.574058,0.791610),
	CFrame.new(-374.545135,26.588852,-151.073792,0.956856,-0.030663,-0.288938,0.194701,0.805803,0.559262,0.215678,-0.591390,0.777008),
	CFrame.new(-374.590698,26.507883,-151.085068,0.954223,-0.030065,-0.297583,0.202972,0.795867,0.570436,0.219686,-0.604724,0.765537),
	CFrame.new(-374.639099,26.416668,-151.094955,0.951905,-0.029398,-0.304980,0.210264,0.786682,0.580448,0.222858,-0.616658,0.755028),
	CFrame.new(-374.670349,26.347820,-151.099976,0.950725,-0.028997,-0.308677,0.214029,0.781702,0.585777,0.224308,-0.622978,0.749389),
	CFrame.new(-374.695862,26.286430,-151.103394,0.949929,-0.028696,-0.311144,0.216613,0.778138,0.589559,0.225195,-0.627437,0.745393),
	CFrame.new(-374.694763,26.286179,-151.098648,0.951755,-0.030123,-0.305377,0.212819,0.781735,0.586173,0.221066,-0.622883,0.750431),
	CFrame.new(-374.684784,26.306318,-151.091171,0.954394,-0.032054,-0.296823,0.206934,0.787667,0.580309,0.215197,-0.615267,0.758378),
	CFrame.new(-374.662781,26.349113,-151.075302,0.960118,-0.035876,-0.277283,0.193844,0.800102,0.567681,0.201489,-0.598790,0.775147),
	CFrame.new(-374.636780,26.399466,-151.056656,0.966426,-0.039833,-0.253839,0.178609,0.814342,0.552219,0.184716,-0.579017,0.794116),
	CFrame.new(-374.603210,26.461145,-151.033890,0.974043,-0.043802,-0.222084,0.158833,0.831281,0.532677,0.161282,-0.554124,0.816660),
	CFrame.new(-374.567108,26.526604,-151.009766,0.981196,-0.046904,-0.187230,0.138041,0.848514,0.510851,0.134906,-0.527090,0.839033),
	CFrame.new(-374.527924,26.592062,-150.985764,0.987924,-0.048563,-0.147134,0.115244,0.865041,0.488286,0.103564,-0.499345,0.860191),
	CFrame.new(-374.487671,26.657518,-150.961823,0.993269,-0.048780,-0.105062,0.092388,0.880725,0.464529,0.069871,-0.471109,0.879303),
	CFrame.new(-374.448761,26.711649,-150.942291,0.997014,-0.047113,-0.061187,0.069477,0.893136,0.444389,0.033712,-0.447313,0.893742),
	CFrame.new(-374.410309,26.762001,-150.924225,0.998887,-0.044132,-0.016661,0.047028,0.904099,0.424727,-0.003680,-0.425038,0.905168),
	CFrame.new(-374.377625,26.789700,-150.914825,0.998854,-0.039991,0.026288,0.025545,0.910024,0.413769,-0.040470,-0.412623,0.910002),
	CFrame.new(-374.346893,26.809841,-150.908325,0.997015,-0.035329,0.068645,0.004494,0.914203,0.405231,-0.077072,-0.403713,0.911633),
	CFrame.new(-374.324799,26.814465,-150.910828,0.993780,-0.030762,0.107031,-0.015477,0.913615,0.406287,-0.110284,-0.405416,0.907455),
	CFrame.new(-374.305634,26.813913,-150.916336,0.989224,-0.026511,0.143993,-0.035276,0.911343,0.410133,-0.142100,-0.410793,0.900587),
	CFrame.new(-374.292267,26.810877,-150.927216,0.983976,-0.023005,0.176812,-0.054220,0.906075,0.419630,-0.169859,-0.422492,0.890308),
	CFrame.new(-374.280853,26.807011,-150.939911,0.977892,-0.020138,0.208139,-0.073124,0.899578,0.430595,-0.195909,-0.436295,0.878218),
	CFrame.new(-374.271149,26.798174,-150.956284,0.971697,-0.018302,0.235520,-0.091143,0.890753,0.445256,-0.217939,-0.454120,0.863874),
	CFrame.new(-374.261993,26.787680,-150.973892,0.965058,-0.017222,0.261471,-0.109108,0.880813,0.460721,-0.238241,-0.473151,0.848156),
	CFrame.new(-374.250397,26.769732,-150.993515,0.958787,-0.017117,0.283610,-0.125857,0.869327,0.477944,-0.254731,-0.493941,0.831345),
	CFrame.new(-374.238007,26.749296,-151.013779,0.952389,-0.017692,0.304372,-0.142387,0.856949,0.495342,-0.269595,-0.515097,0.813630),
	CFrame.new(-374.219025,26.718920,-151.034363,0.946742,-0.018938,0.321435,-0.157175,0.844078,0.512667,-0.281026,-0.535885,0.796148),
	CFrame.new(-374.192596,26.676807,-151.060226,0.939792,-0.021157,0.341092,-0.175107,0.827296,0.533778,-0.293478,-0.561367,0.773781),
	CFrame.new(-374.157196,26.626549,-151.079071,0.935677,-0.023111,0.352101,-0.186265,0.815150,0.548485,-0.299691,-0.578789,0.758412),
	CFrame.new(-374.130615,26.588854,-151.093201,0.932510,-0.024743,0.360294,-0.194701,0.805803,0.559262,-0.304164,-0.591667,0.746602),
	CFrame.new(-374.086304,26.507885,-151.108688,0.929513,-0.026585,0.367829,-0.202972,0.795868,0.570436,-0.307908,-0.604887,0.734374),
	CFrame.new(-374.039032,26.416672,-151.123047,0.926910,-0.028365,0.374211,-0.210264,0.786682,0.580448,-0.310849,-0.616706,0.723219),
	CFrame.new(-374.008392,26.347820,-151.130981,0.925599,-0.029355,0.377366,-0.214029,0.781702,0.585776,-0.312183,-0.622961,0.717259),
	CFrame.new(-373.983307,26.286432,-151.136765,0.924724,-0.030071,0.379448,-0.216613,0.778138,0.589559,-0.312991,-0.627373,0.713050),
	CFrame.new(-373.983948,26.286177,-151.131927,0.926928,-0.028225,0.374177,-0.212820,0.781735,0.586173,-0.309052,-0.622972,0.718605),
	CFrame.new(-373.993195,26.306318,-151.123550,0.930104,-0.025590,0.366404,-0.206935,0.787667,0.580309,-0.303454,-0.615569,0.727317),
	CFrame.new(-374.013611,26.349113,-151.105713,0.937084,-0.020245,0.348517,-0.193844,0.800102,0.567681,-0.290342,-0.599522,0.745838),
	CFrame.new(-374.037781,26.399466,-151.084717,0.944932,-0.014457,0.326949,-0.178610,0.814342,0.552219,-0.274232,-0.580206,0.766915),
	CFrame.new(-374.069061,26.461143,-151.058914,0.954706,-0.008180,0.297439,-0.158834,0.831280,0.532677,-0.251613,-0.555794,0.792329),
	CFrame.new(-374.102753,26.526602,-151.031509,0.964292,-0.002564,0.264829,-0.138042,0.848514,0.510851,-0.226021,-0.529167,0.817861),
	CFrame.new(-374.139526,26.592060,-151.003952,0.973920,0.001680,0.226886,-0.115244,0.865041,0.488286,-0.195445,-0.501699,0.842674),
	CFrame.new(-374.177368,26.657518,-150.976364,0.982390,0.004536,0.186784,-0.092389,0.880725,0.464530,-0.162399,-0.473606,0.865635),
	CFrame.new(-374.214264,26.711649,-150.953278,0.989499,0.005100,0.144451,-0.069477,0.893136,0.444389,-0.126748,-0.449758,0.884111),
	CFrame.new(-374.250854,26.762001,-150.931686,0.994858,0.004214,0.101189,-0.047029,0.904099,0.424728,-0.089695,-0.427303,0.899648),
	CFrame.new(-374.282532,26.789700,-150.919281,0.998264,0.001252,0.058879,-0.025546,0.910023,0.413769,-0.053063,-0.414555,0.908476),
	CFrame.new(-374.312531,26.809841,-150.909927,0.999855,-0.002557,0.016860,-0.004495,0.914203,0.405231,-0.016449,-0.405248,0.914059),
	CFrame.new(-374.334747,26.814466,-150.910355,0.999737,-0.007263,-0.021749,0.015476,0.913615,0.406287,0.016919,-0.406516,0.913487),
	CFrame.new(-374.354370,26.813913,-150.914047,0.998175,-0.011999,-0.059191,0.035276,0.911343,0.410133,0.049023,-0.411472,0.910103),
	CFrame.new(-374.368683,26.810877,-150.923645,0.995544,-0.016582,-0.092828,0.054220,0.906075,0.419629,0.077150,-0.422793,0.902936),
	CFrame.new(-374.381226,26.807011,-150.935211,0.991922,-0.020727,-0.125147,0.073124,0.899578,0.430595,0.103655,-0.436267,0.893827),
	CFrame.new(-374.392426,26.798174,-150.950607,0.987813,-0.024220,-0.153748,0.091143,0.890753,0.445256,0.126168,-0.453842,0.882105),
	CFrame.new(-374.403198,26.787680,-150.967285,0.983100,-0.027075,-0.181055,0.109108,0.880813,0.460721,0.147002,-0.472689,0.868882),
	CFrame.new(-374.416565,26.769732,-150.985733,0.978398,-0.029123,-0.204669,0.125856,0.869327,0.477944,0.164005,-0.493378,0.854213),
	CFrame.new(-374.430786,26.749296,-151.004761,0.973417,-0.030528,-0.226996,0.142386,0.856950,0.495342,0.179402,-0.514495,0.838516),
	CFrame.new(-374.451599,26.718922,-151.023483,0.968863,-0.031229,-0.245618,0.157174,0.844079,0.512667,0.191311,-0.535309,0.822705),
	CFrame.new(-374.474579,26.685230,-151.042099,0.964295,-0.031423,-0.262959,0.171496,0.830715,0.529625,0.201801,-0.555811,0.806443),
	CFrame.new(-374.508118,26.639116,-151.058334,0.960484,-0.031191,-0.276583,0.183465,0.818221,0.544844,0.209312,-0.574057,0.791610),
	CFrame.new(-374.545135,26.588856,-151.073792,0.956857,-0.030663,-0.288938,0.194700,0.805803,0.559261,0.215678,-0.591389,0.777008),
	CFrame.new(-374.590698,26.507889,-151.085068,0.954223,-0.030066,-0.297582,0.202971,0.795868,0.570436,0.219686,-0.604723,0.765538),
	CFrame.new(-374.639099,26.416674,-151.094955,0.951905,-0.029398,-0.304979,0.210264,0.786683,0.580448,0.222858,-0.616657,0.755029),
	CFrame.new(-374.670349,26.347822,-151.099976,0.950725,-0.028997,-0.308677,0.214029,0.781702,0.585776,0.224308,-0.622978,0.749389),
	CFrame.new(-374.695862,26.286434,-151.103394,0.949930,-0.028696,-0.311144,0.216613,0.778139,0.589558,0.225195,-0.627437,0.745393),
	CFrame.new(-374.694641,26.286177,-151.098648,0.952857,-0.031318,-0.301800,0.211547,0.781611,0.586798,0.217513,-0.622979,0.751389),
	CFrame.new(-374.684509,26.306318,-151.091171,0.956869,-0.034805,-0.288428,0.203990,0.787388,0.581728,0.206858,-0.615474,0.760527),
	CFrame.new(-374.662201,26.349112,-151.075333,0.964849,-0.041449,-0.259515,0.187769,0.799622,0.570392,0.183872,-0.599072,0.779297),
	CFrame.new(-374.635834,26.399464,-151.056702,0.973163,-0.048434,-0.224960,0.169066,0.813682,0.556182,0.156108,-0.579289,0.800034),
	CFrame.new(-374.601929,26.461142,-151.033951,0.981811,-0.055049,-0.181707,0.146027,0.830598,0.537385,0.121343,-0.554145,0.823529),
	CFrame.new(-374.565491,26.526600,-151.009842,0.988992,-0.060404,-0.135080,0.122250,0.847878,0.515906,0.083368,-0.526740,0.845928),
	CFrame.new(-374.526062,26.592058,-150.985855,0.994165,-0.062803,-0.087706,0.098096,0.864566,0.492852,0.044875,-0.498579,0.865682),
	CFrame.new(-374.485687,26.657516,-150.961914,0.997204,-0.063173,-0.039925,0.074524,0.880431,0.468281,0.005569,-0.469947,0.882677),
	CFrame.new(-374.446899,26.711647,-150.942383,0.998214,-0.059738,0.000088,0.053402,0.892995,0.446887,-0.026774,-0.446084,0.894590),
	CFrame.new(-374.408661,26.761999,-150.924301,0.997810,-0.054544,0.037418,0.033443,0.904083,0.426047,-0.057067,-0.423863,0.903927),
	CFrame.new(-374.376648,26.789700,-150.914871,0.997197,-0.046052,0.058962,0.017537,0.910032,0.414167,-0.072731,-0.411972,0.908289),
	CFrame.new(-374.346680,26.809841,-150.908325,0.996501,-0.036511,0.075180,0.002923,0.914205,0.405241,-0.083525,-0.403604,0.911113),
	CFrame.new(-374.326050,26.809925,-150.911072,0.996382,-0.026285,0.080821,-0.008824,0.913837,0.405985,-0.084529,-0.405229,0.910299),
	CFrame.new(-374.308472,26.803316,-150.916901,0.996424,-0.015875,0.082994,-0.019621,0.911881,0.409986,-0.082189,-0.410148,0.908308),
	CFrame.new(-374.297729,26.788885,-150.928360,0.996367,-0.006888,0.084887,-0.029422,0.907522,0.418973,-0.079923,-0.419949,0.904022),
	CFrame.new(-374.289246,26.771841,-150.941681,0.996228,0.001600,0.086765,-0.038862,0.902199,0.429566,-0.077592,-0.431317,0.898857),
	CFrame.new(-374.283783,26.750105,-150.958435,0.996043,0.008713,0.088449,-0.047179,0.895228,0.443103,-0.075321,-0.445522,0.892097),
	CFrame.new(-374.279297,26.726801,-150.976318,0.995811,0.015342,0.090141,-0.055088,0.887490,0.457523,-0.072980,-0.460572,0.884617),
	CFrame.new(-374.274109,26.701933,-150.995438,0.995577,0.020685,0.091645,-0.061796,0.878932,0.472927,-0.070767,-0.476499,0.876322),
	CFrame.new(-374.268616,26.676542,-151.014954,0.995324,0.025578,0.093141,-0.068071,0.869880,0.488544,-0.068526,-0.492600,0.867554),
	CFrame.new(-374.258636,26.652718,-151.033508,0.995102,0.029301,0.094412,-0.073108,0.860987,0.503346,-0.066539,-0.507782,0.858912),
	CFrame.new(-374.247131,26.629414,-151.051727,0.994881,0.032620,0.095639,-0.077709,0.851980,0.517776,-0.064593,-0.522558,0.850154),
	CFrame.new(-374.227325,26.610806,-151.066772,0.994712,0.034898,0.096588,-0.081060,0.844267,0.529757,-0.063058,-0.534786,0.842632),
	CFrame.new(-374.204773,26.593761,-151.080765,0.994559,0.036823,0.097454,-0.083984,0.836904,0.540868,-0.061644,-0.546110,0.835442),
	CFrame.new(-374.170105,26.584543,-151.089386,0.994468,0.037832,0.097991,-0.085651,0.832094,0.547981,-0.060807,-0.553342,0.830732),
	CFrame.new(-374.131439,26.577934,-151.096207,0.994399,0.038537,0.098417,-0.086900,0.828133,0.553755,-0.060162,-0.559206,0.826843),
	CFrame.new(-374.407104,26.348246,-150.405899,0.977790,-0.074004,-0.196089,0.020502,0.964874,-0.261912,0.208584,0.252075,0.944961),
	CFrame.new(-374.346436,26.410315,-150.408737,0.973102,-0.092726,-0.210891,0.029739,0.958321,-0.284140,0.228449,0.270226,0.935302),
	CFrame.new(-374.284821,26.512274,-150.411636,0.963934,-0.123995,-0.235493,0.043648,0.946511,-0.319706,0.262539,0.297897,0.917786),
	CFrame.new(-374.207367,26.656364,-150.415253,0.948396,-0.169163,-0.268195,0.060858,0.927190,-0.369615,0.311193,0.334219,0.889638),
	CFrame.new(-374.178986,26.718445,-150.416580,0.937883,-0.190369,-0.290059,0.065473,0.918116,-0.390867,0.340717,0.347596,0.873549),
	CFrame.new(-374.157684,26.764997,-150.417587,0.929391,-0.206445,-0.305962,0.068443,0.910966,-0.406763,0.362695,0.357101,0.860774),
	CFrame.new(-374.156128,26.777855,-150.417664,0.923285,-0.211455,-0.320675,0.065221,0.909016,-0.411626,0.378539,0.359133,0.853072),
	CFrame.new(-374.163513,26.774290,-150.417313,0.918923,-0.210932,-0.333298,0.059738,0.909676,-0.410999,0.389887,0.357766,0.848523),
	CFrame.new(-374.179047,26.764677,-150.416580,0.916578,-0.206515,-0.342399,0.052695,0.911220,-0.408535,0.396369,0.356411,0.846087),
	CFrame.new(-374.197296,26.753046,-150.415726,0.914860,-0.200787,-0.350308,0.045143,0.913016,-0.405419,0.401240,0.355087,0.844346),
	CFrame.new(-374.219238,26.734320,-150.414703,0.914363,-0.193079,-0.355896,0.037832,0.915874,-0.399679,0.403125,0.351987,0.844746),
	CFrame.new(-374.242432,26.713223,-150.413620,0.914227,-0.184684,-0.360667,0.030597,0.919015,-0.393034,0.404045,0.348287,0.845839),
	CFrame.new(-374.264893,26.683981,-150.412567,0.914487,-0.176203,-0.364233,0.025401,0.923422,-0.382944,0.403817,0.340945,0.848934),
	CFrame.new(-374.287109,26.652020,-150.411530,0.914854,-0.167665,-0.367329,0.020873,0.928135,-0.371658,0.403245,0.332346,0.852608),
	CFrame.new(-374.309540,26.601358,-150.410477,0.919380,-0.156568,-0.360870,0.021208,0.935773,-0.351966,0.392798,0.315937,0.863651),
	CFrame.new(-374.326416,26.558687,-150.409683,0.923714,-0.147728,-0.353454,0.022473,0.941961,-0.334968,0.382424,0.301471,0.873422),
	CFrame.new(-374.339813,26.511686,-150.409058,0.934754,-0.135613,-0.328395,0.027230,0.948915,-0.314354,0.354250,0.284902,0.890695),
	CFrame.new(-374.353180,26.464684,-150.408432,0.944969,-0.123979,-0.302758,0.031330,0.955455,-0.293468,0.325655,0.267833,0.906760),
	CFrame.new(-374.366486,26.421284,-150.407806,0.958819,-0.107358,-0.262947,0.032968,0.961618,-0.272404,0.282099,0.252517,0.925557),
	CFrame.new(-374.383911,26.369919,-150.406982,0.974067,-0.085509,-0.209479,0.031933,0.968523,-0.246866,0.223995,0.233775,0.946137),
	CFrame.new(-374.400482,26.338060,-150.406219,0.985495,-0.062213,-0.157892,0.024610,0.972937,-0.229757,0.167913,0.222538,0.960355),
	CFrame.new(-374.424530,26.307970,-150.405090,0.995619,-0.028156,-0.089169,0.008538,0.976980,-0.213160,0.093118,0.211465,0.972940),
	CFrame.new(-374.447784,26.295588,-150.403992,0.999537,0.005652,-0.029891,-0.011695,0.978470,-0.206057,0.028083,0.206311,0.978083),
	CFrame.new(-374.474731,26.312794,-150.402740,0.998525,0.045442,0.029709,-0.038118,0.976443,-0.212381,-0.038660,0.210935,0.976735),
	CFrame.new(-374.513062,26.371315,-150.400940,0.989253,0.103837,0.102942,-0.076864,0.968221,-0.237992,-0.124383,0.227521,0.965796),
	CFrame.new(-374.548828,26.469959,-150.399261,0.973888,0.160851,0.160215,-0.111209,0.953236,-0.281022,-0.197926,0.255867,0.946234),
	CFrame.new(-374.580200,26.568621,-150.397797,0.955595,0.212071,0.204606,-0.138186,0.935740,-0.324492,-0.260273,0.281809,0.923494),
	CFrame.new(-374.596405,26.627144,-150.397034,0.945252,0.238066,0.223211,-0.150299,0.924704,-0.349760,-0.289670,0.297063,0.909860),
	CFrame.new(-374.604065,26.649113,-150.396683,0.943743,0.243602,0.223623,-0.153416,0.921614,-0.356498,-0.292938,0.302135,0.907139),
	CFrame.new(-374.604980,26.645334,-150.396637,0.948549,0.235169,0.212017,-0.150715,0.924222,-0.350854,-0.278461,0.300848,0.912113),
	CFrame.new(-374.605560,26.638056,-150.396606,0.955869,0.221477,0.193034,-0.146052,0.928323,-0.341884,-0.254918,0.298604,0.919703),
	CFrame.new(-374.605865,26.622604,-150.396591,0.965199,0.202019,0.166071,-0.138688,0.933785,-0.329864,-0.221713,0.295352,0.929306),
	CFrame.new(-374.606018,26.608606,-150.396591,0.972271,0.185349,0.142601,-0.131959,0.938251,-0.319798,-0.193070,0.292113,0.936693),
	CFrame.new(-374.606049,26.582922,-150.396591,0.979922,0.164187,0.113117,-0.122498,0.943415,-0.308159,-0.157312,0.288115,0.944586),
	CFrame.new(-374.606079,26.557232,-150.396591,0.986199,0.143134,0.083211,-0.112582,0.948266,-0.296846,-0.121395,0.283381,0.951293),
	CFrame.new(-374.602081,26.518877,-150.396774,0.991670,0.118920,0.049476,-0.100052,0.953130,-0.285540,-0.081113,0.278211,0.957089),
	CFrame.new(-374.594849,26.470049,-150.397110,0.996064,0.088392,0.006520,-0.083284,0.958586,-0.272354,-0.030324,0.270739,0.962175),
	CFrame.new(-374.581818,26.428177,-150.397720,0.997620,0.062564,-0.028986,-0.067999,0.962325,-0.263260,0.011423,0.264604,0.964289),
	CFrame.new(-374.566101,26.388346,-150.398453,0.997252,0.036755,-0.064329,-0.052056,0.965440,-0.255374,0.052720,0.258021,0.964700),
	CFrame.new(-374.536469,26.346224,-150.399841,0.994228,0.004005,-0.107211,-0.030711,0.968109,-0.248638,0.102796,0.250495,0.962645),
	CFrame.new(-374.506622,26.322456,-150.401245,0.989982,-0.021838,-0.139498,-0.013250,0.969239,-0.245764,0.140574,0.245150,0.959239),
	CFrame.new(-374.470612,26.308624,-150.402924,0.984363,-0.047412,-0.169649,0.004421,0.969443,-0.245277,0.176094,0.240691,0.954494),
	CFrame.new(-374.404968,26.339106,-150.406006,0.974284,-0.085161,-0.208609,0.028789,0.965286,-0.259604,0.223476,0.246922,0.942915),
	CFrame.new(-374.357361,26.376514,-150.408234,0.966434,-0.110340,-0.232016,0.043824,0.960642,-0.274309,0.253151,0.254934,0.933233),
	CFrame.new(-374.295807,26.479374,-150.411118,0.957133,-0.139741,-0.253712,0.056314,0.948988,-0.310242,0.284123,0.282655,0.916177),
	CFrame.new(-374.239594,26.582247,-150.413742,0.947624,-0.166761,-0.272397,0.065359,0.936070,-0.345689,0.312630,0.309779,0.897942),
	CFrame.new(-374.201050,26.664545,-150.415558,0.940611,-0.185214,-0.284513,0.069215,0.925088,-0.373392,0.332357,0.331524,0.882967),
	CFrame.new(-374.173950,26.724407,-150.416824,0.934390,-0.198823,-0.295610,0.070589,0.916652,-0.393403,0.349189,0.346725,0.870545),
	CFrame.new(-374.158356,26.761816,-150.417557,0.929140,-0.207473,-0.306029,0.069806,0.911267,-0.405856,0.363078,0.355734,0.861178),
	CFrame.new(-374.156586,26.777855,-150.417633,0.924071,-0.211029,-0.318684,0.065625,0.908985,-0.411632,0.376545,0.359463,0.853815),
	CFrame.new(-374.164612,26.774290,-150.417252,0.920814,-0.209944,-0.328673,0.060677,0.909602,-0.411026,0.385254,0.358536,0.850313),
	CFrame.new(-374.185913,26.761770,-150.416260,0.918269,-0.203857,-0.339447,0.051638,0.911617,-0.407785,0.392575,0.356928,0.847636),
	CFrame.new(-374.211060,26.744867,-150.415085,0.916294,-0.195993,-0.349274,0.041944,0.914245,-0.402985,0.398304,0.354603,0.845938),
	CFrame.new(-374.234436,26.723772,-150.413986,0.915587,-0.187846,-0.355549,0.034324,0.917466,-0.396331,0.400653,0.350672,0.846467),
	CFrame.new(-374.257080,26.699963,-150.412933,0.915002,-0.179697,-0.361221,0.027507,0.921034,-0.388509,0.402511,0.345550,0.847691),
	CFrame.new(-374.277405,26.668001,-150.411972,0.914983,-0.171616,-0.365177,0.023069,0.925809,-0.377286,0.402833,0.336786,0.851059),
	CFrame.new(-374.298828,26.622696,-150.410980,0.916377,-0.161667,-0.366221,0.020477,0.932559,-0.360436,0.399793,0.322796,0.857886),
	CFrame.new(-374.311127,26.580025,-150.410400,0.919222,-0.154000,-0.362375,0.021858,0.938879,-0.343552,0.393133,0.307880,0.866404),
	CFrame.new(-374.321442,26.535189,-150.409912,0.924869,-0.144973,-0.351568,0.024726,0.945453,-0.324820,0.379480,0.291723,0.878005),
	CFrame.new(-374.331818,26.476435,-150.409424,0.934999,-0.132314,-0.329046,0.029771,0.953807,-0.298941,0.353400,0.269713,0.895747),
	CFrame.new(-374.344330,26.421284,-150.408844,0.949975,-0.114263,-0.290673,0.032190,0.961539,-0.272777,0.310661,0.249775,0.917116),
	CFrame.new(-374.354797,26.377886,-150.408356,0.961548,-0.099260,-0.256073,0.032820,0.967251,-0.251690,0.272670,0.233608,0.933316),
	CFrame.new(-374.378387,26.338060,-150.407242,0.979316,-0.069244,-0.190122,0.024117,0.972869,-0.230097,0.200896,0.220752,0.954416),
	CFrame.new(-374.409241,26.307972,-150.405807,0.993087,-0.033048,-0.112632,0.008330,0.976970,-0.213212,0.117085,0.210800,0.970492),
	CFrame.new(-374.434326,26.298685,-150.404633,0.998387,-0.005207,-0.056543,-0.006657,0.978186,-0.207623,0.056391,0.207665,0.976573),
	CFrame.new(-374.482544,26.334518,-150.402374,0.997600,0.055191,0.041811,-0.044630,0.974225,-0.221119,-0.052937,0.218723,0.974350),
	CFrame.new(-374.540405,26.447384,-150.399658,0.979844,0.139488,0.142999,-0.096888,0.957849,-0.270441,-0.174694,0.251135,0.952057),
	CFrame.new(-374.571075,26.537676,-150.398224,0.963235,0.190849,0.189089,-0.125786,0.942284,-0.310287,-0.237394,0.275094,0.931648),
	CFrame.new(-374.596527,26.627968,-150.397034,0.945718,0.236925,0.222451,-0.149379,0.924798,-0.349907,-0.288624,0.297684,0.909989),
	CFrame.new(-374.603821,26.648289,-150.396683,0.942643,0.245549,0.226118,-0.154103,0.921018,-0.357740,-0.296102,0.302376,0.906031),
	CFrame.new(-374.604736,26.646013,-150.396652,0.944433,0.242579,0.221814,-0.153296,0.921983,-0.355596,-0.290769,0.301833,0.907937),
	CFrame.new(-374.605225,26.638334,-150.396622,0.949288,0.234183,0.209788,-0.150795,0.924613,-0.349787,-0.275887,0.300414,0.913038),
	CFrame.new(-374.605713,26.627064,-150.396606,0.955626,0.222538,0.193016,-0.147088,0.928159,-0.341886,-0.255233,0.298325,0.919706),
	CFrame.new(-374.605865,26.616285,-150.396591,0.960567,0.212759,0.179011,-0.143679,0.931003,-0.335543,-0.238049,0.296592,0.924860),
	CFrame.new(-374.606018,26.601915,-150.396591,0.966671,0.199753,0.160142,-0.138944,0.934694,-0.327172,-0.215038,0.294017,0.931296),
	CFrame.new(-374.606049,26.573990,-150.396591,0.975295,0.178652,0.129934,-0.130306,0.940219,-0.314656,-0.178380,0.289951,0.940271),
	CFrame.new(-374.605743,26.549631,-150.396606,0.981393,0.161060,0.104539,-0.122560,0.944543,-0.304659,-0.147810,0.286178,0.946707),
	CFrame.new(-374.604126,26.511616,-150.396683,0.988270,0.136230,0.069023,-0.110585,0.950071,-0.291779,-0.105326,0.280724,0.953992),
	CFrame.new(-374.600616,26.479500,-150.396835,0.992553,0.115299,0.039294,-0.099688,0.954242,-0.281931,-0.070002,0.275914,0.958630),
	CFrame.new(-374.594910,26.445673,-150.397110,0.995603,0.093305,0.008310,-0.087519,0.958145,-0.272579,-0.033395,0.270653,0.962098),
	CFrame.new(-374.582550,26.405214,-150.397690,0.997419,0.064797,-0.030916,-0.070654,0.962371,-0.262391,0.012751,0.263899,0.964466),
	CFrame.new(-374.569824,26.373819,-150.398285,0.997176,0.041517,-0.062578,-0.056207,0.965234,-0.255274,0.049804,0.258071,0.964841),
	CFrame.new(-374.549866,26.348627,-150.399216,0.995492,0.017695,-0.093184,-0.040620,0.967327,-0.250257,0.085711,0.252914,0.963685),
	CFrame.new(-374.527496,26.325504,-150.400269,0.992334,-0.006203,-0.123428,-0.024580,0.968880,-0.246309,0.121115,0.247455,0.961300),
	CFrame.new(-374.495911,26.312965,-150.401749,0.988046,-0.030205,-0.151174,-0.007866,0.969463,-0.245112,0.153961,0.243371,0.957636),
	CFrame.new(-374.461243,26.303961,-150.403366,0.982541,-0.054165,-0.177985,0.009031,0.969439,-0.245166,0.185825,0.239278,0.953003),
	CFrame.new(-374.417297,26.329754,-150.405426,0.976409,-0.078357,-0.201212,0.024812,0.966378,-0.255926,0.214501,0.244895,0.945524),
	CFrame.new(-374.370270,26.367161,-150.407623,0.969421,-0.102784,-0.222842,0.039823,0.961915,-0.270434,0.242151,0.253290,0.936593),
	CFrame.new(-374.321533,26.438227,-150.409912,0.962281,-0.126408,-0.240908,0.051302,0.953928,-0.295619,0.267177,0.272109,0.924431),
	CFrame.new(-374.259888,26.541100,-150.412796,0.952621,-0.155983,-0.261119,0.063306,0.941369,-0.331386,0.297500,0.299155,0.906642),
	CFrame.new(-374.230743,26.602821,-150.414169,0.947463,-0.169911,-0.271004,0.066646,0.933517,-0.352285,0.312844,0.315716,0.895797),
	CFrame.new(-374.182129,26.705694,-150.416443,0.938291,-0.193465,-0.286672,0.071386,0.919391,-0.386814,0.338399,0.342479,0.876467),
	CFrame.new(-374.166351,26.743113,-150.417175,0.932491,-0.202591,-0.299027,0.070479,0.914031,-0.399476,0.354250,0.351432,0.866604),
	CFrame.new(-374.154510,26.771168,-150.417725,0.927979,-0.209514,-0.308153,0.069646,0.909910,-0.408917,0.366066,0.358004,0.858970),
	CFrame.new(-374.168335,26.776264,-150.417084,0.922336,-0.212273,-0.322857,0.065463,0.909344,-0.410863,0.380803,0.357818,0.852617),
	CFrame.new(-374.186096,26.771997,-150.416260,0.918084,-0.212683,-0.334496,0.061603,0.910169,-0.409632,0.391569,0.355470,0.848713),
	CFrame.new(-374.203857,26.742142,-150.415421,0.917422,-0.201934,-0.342870,0.051741,0.914887,-0.400379,0.394538,0.349576,0.849786),
	CFrame.new(-374.221619,26.712282,-150.414597,0.916613,-0.191106,-0.351140,0.041899,0.919428,-0.391020,0.397574,0.343702,0.850767),
	CFrame.new(-373.977020,26.271074,-151.138214,0.924505,-0.030252,0.379968,-0.217260,0.777243,0.590501,-0.313191,-0.628473,0.711993),
	CFrame.new(-373.979340,26.276106,-151.136124,0.925316,-0.029572,0.378043,-0.215778,0.778743,0.589066,-0.311818,-0.626645,0.714203),
	CFrame.new(-373.988586,26.296246,-151.127747,0.928524,-0.026898,0.370298,-0.209872,0.784709,0.583255,-0.306264,-0.619281,0.722975),
	CFrame.new(-374.001556,26.323933,-151.116211,0.932982,-0.023345,0.359166,-0.201578,0.792818,0.575157,-0.298180,-0.609011,0.734979),
	CFrame.new(-374.031738,26.386873,-151.089966,0.943014,-0.015853,0.332375,-0.182390,0.810822,0.556149,-0.278314,-0.585078,0.761725),
	CFrame.new(-374.060638,26.444777,-151.065765,0.952142,-0.009752,0.305502,-0.164135,0.826845,0.537946,-0.257849,-0.562345,0.785673),
	CFrame.new(-374.094330,26.510235,-151.038361,0.961996,-0.003867,0.273036,-0.143178,0.844281,0.516421,-0.232516,-0.535887,0.811641),
	CFrame.new(-374.130066,26.575691,-151.010864,0.971551,0.000759,0.236828,-0.121095,0.860979,0.494015,-0.203529,-0.508640,0.836577),
	CFrame.new(-374.167908,26.641150,-150.983261,0.980424,0.003946,0.196860,-0.098020,0.876888,0.470595,-0.170767,-0.480678,0.860109),
	CFrame.new(-374.205109,26.699059,-150.958664,0.987866,0.005150,0.155221,-0.075211,0.890296,0.449128,-0.135879,-0.455352,0.879881),
	CFrame.new(-374.241730,26.749411,-150.937088,0.993694,0.004538,0.112032,-0.052568,0.901417,0.429749,-0.099037,-0.432928,0.895971),
	CFrame.new(-374.282532,26.789700,-150.919281,0.998264,0.001252,0.058880,-0.025547,0.910023,0.413769,-0.053064,-0.414555,0.908476),
	CFrame.new(-374.312531,26.809839,-150.909927,0.999855,-0.002557,0.016861,-0.004496,0.914203,0.405232,-0.016451,-0.405249,0.914058),
	CFrame.new(-374.334747,26.814466,-150.910355,0.999737,-0.007263,-0.021747,0.015475,0.913615,0.406287,0.016918,-0.406516,0.913487),
	CFrame.new(-374.354370,26.813913,-150.914047,0.998175,-0.011999,-0.059190,0.035275,0.911343,0.410133,0.049021,-0.411472,0.910103),
	CFrame.new(-374.371826,26.809910,-150.926529,0.994738,-0.017665,-0.100914,0.058916,0.904479,0.422430,0.083812,-0.426153,0.900760),
	CFrame.new(-374.384369,26.806044,-150.938095,0.990851,-0.021684,-0.133210,0.077895,0.897909,0.433235,0.110216,-0.439647,0.891382),
	CFrame.new(-374.397797,26.792927,-150.958939,0.985551,-0.025723,-0.167413,0.100082,0.885840,0.453069,0.136646,-0.463278,0.875615),
	CFrame.new(-374.409424,26.779951,-150.976212,0.980700,-0.028206,-0.193471,0.117700,0.875316,0.469008,0.156119,-0.482728,0.861743),
	CFrame.new(-374.427246,26.754406,-151.000000,0.974709,-0.030230,-0.221422,0.138226,0.860095,0.491051,0.175599,-0.509238,0.842521),
	CFrame.new(-374.445831,26.727346,-151.018814,0.969959,-0.031111,-0.241269,0.153623,0.847343,0.508341,0.188623,-0.530134,0.826667),
	CFrame.new(-374.468842,26.693655,-151.037445,0.965465,-0.031417,-0.258630,0.167897,0.834103,0.525436,0.199217,-0.550713,0.810572),
	CFrame.new(-374.498840,26.651684,-151.054474,0.961368,-0.031279,-0.273485,0.180672,0.821270,0.541178,0.207677,-0.569682,0.795193),
	CFrame.new(-374.535858,26.601423,-151.069916,0.957778,-0.030822,-0.285854,0.191881,0.808942,0.555692,0.214112,-0.587080,0.780701),
	CFrame.new(-374.590698,26.507893,-151.085068,0.954223,-0.030066,-0.297582,0.202971,0.795868,0.570435,0.219686,-0.604723,0.765538),
	CFrame.new(-374.639099,26.416679,-151.094955,0.951905,-0.029398,-0.304979,0.210263,0.786683,0.580447,0.222858,-0.616657,0.755029),
	CFrame.new(-374.676727,26.332479,-151.100830,0.950527,-0.028923,-0.309294,0.214674,0.780814,0.586724,0.224531,-0.624094,0.748393),
	CFrame.new(-374.699768,26.276104,-151.102386,0.950409,-0.029125,-0.309637,0.215778,0.778743,0.589066,0.223971,-0.626666,0.746409),
	CFrame.new(-374.689758,26.296246,-151.094910,0.953083,-0.031099,-0.301107,0.209872,0.784709,0.583255,0.218142,-0.619084,0.754420),
	CFrame.new(-374.675781,26.323933,-151.084641,0.956766,-0.033677,-0.288902,0.201579,0.792818,0.575157,0.209677,-0.608527,0.765330),
	CFrame.new(-374.643280,26.386871,-151.061325,0.964898,-0.038899,-0.259729,0.182390,0.810822,0.556149,0.188960,-0.583999,0.789455),
	CFrame.new(-374.612244,26.444773,-151.039932,0.972073,-0.042848,-0.230735,0.164136,0.826845,0.537947,0.167732,-0.560796,0.810786),
	CFrame.new(-374.576141,26.510231,-151.015793,0.979516,-0.046235,-0.195985,0.143179,0.844280,0.516422,0.141590,-0.533904,0.833606),
	CFrame.new(-374.537994,26.575689,-150.991760,0.986321,-0.048294,-0.157605,0.121096,0.860978,0.494016,0.111836,-0.506344,0.855049),
	CFrame.new(-374.497742,26.641146,-150.967819,0.992092,-0.048854,-0.115613,0.098021,0.876887,0.470596,0.078389,-0.478207,0.874742),
	CFrame.new(-374.458374,26.699055,-150.946808,0.996242,-0.047685,-0.072308,0.075212,0.890296,0.449129,0.042959,-0.452879,0.890536),
	CFrame.new(-374.419922,26.749407,-150.928741,0.998601,-0.044981,-0.027805,0.052569,0.901416,0.429750,0.005733,-0.430610,0.902520),
	CFrame.new(-374.385315,26.784662,-150.916458,0.999032,-0.041093,0.015682,0.030861,0.908943,0.415777,-0.031339,-0.414891,0.909331),
	CFrame.new(-374.354584,26.804804,-150.909943,0.997644,-0.036533,0.058061,0.009728,0.913179,0.407443,-0.067905,-0.405918,0.911383),
	CFrame.new(-374.324799,26.814466,-150.910812,0.993780,-0.030763,0.107027,-0.015474,0.913615,0.406286,-0.110280,-0.405415,0.907456),
	CFrame.new(-374.305634,26.813913,-150.916321,0.989224,-0.026511,0.143989,-0.035274,0.911344,0.410133,-0.142096,-0.410792,0.900588),
	CFrame.new(-374.292267,26.810877,-150.927216,0.983976,-0.023006,0.176808,-0.054218,0.906075,0.419628,-0.169856,-0.422490,0.890310),
	CFrame.new(-374.283691,26.807978,-150.936737,0.979509,-0.020808,0.200321,-0.068368,0.901231,0.427912,-0.189440,-0.432840,0.881341),
	CFrame.new(-374.273438,26.800798,-150.951889,0.973247,-0.018665,0.229000,-0.086703,0.893168,0.441287,-0.212772,-0.449336,0.867655),
	CFrame.new(-374.261993,26.787682,-150.973892,0.965059,-0.017222,0.261467,-0.109106,0.880814,0.460719,-0.238239,-0.473149,0.848158),
	CFrame.new(-374.250397,26.769733,-150.993500,0.958788,-0.017117,0.283608,-0.125855,0.869328,0.477942,-0.254729,-0.493938,0.831347),
	CFrame.new(-374.238007,26.749298,-151.013779,0.952390,-0.017691,0.304370,-0.142385,0.856951,0.495340,-0.269593,-0.515094,0.813632),
	CFrame.new(-374.219055,26.718925,-151.034363,0.946743,-0.018938,0.321433,-0.157173,0.844080,0.512665,-0.281025,-0.535883,0.796150),
	CFrame.new(-374.192596,26.676811,-151.060226,0.939792,-0.021157,0.341090,-0.175105,0.827298,0.533775,-0.293476,-0.561365,0.773784),
	CFrame.new(-374.157196,26.626556,-151.079071,0.935677,-0.023110,0.352100,-0.186263,0.815152,0.548483,-0.299690,-0.578786,0.758414),
	CFrame.new(-374.121765,26.576296,-151.097900,0.931441,-0.025319,0.363011,-0.197524,0.802644,0.562803,-0.305618,-0.595921,0.742614),
	CFrame.new(-374.074493,26.485094,-151.112274,0.928867,-0.027020,0.369428,-0.204791,0.793589,0.572955,-0.308655,-0.607854,0.731605),
	CFrame.new(-374.027222,26.393881,-151.126648,0.926253,-0.028826,0.375799,-0.212092,0.784360,0.582921,-0.311565,-0.619636,0.720402),
	CFrame.new(-373.995850,26.317135,-151.133881,0.925162,-0.029711,0.378407,-0.215320,0.779924,0.587670,-0.312589,-0.625169,0.715158),
	CFrame.new(-373.979340,26.276104,-151.136124,0.925316,-0.029572,0.378043,-0.215779,0.778743,0.589066,-0.311818,-0.626646,0.714202)
}

-- transform helper
local origin = frames[1]:Inverse()
local startCFrame = hrp.CFrame

local function getRelative(cf)
	return startCFrame * (origin * cf)
end

-- === MAIN TIMELINE CONFIGURATION ===
local targetFPS = 55        -- Framerate your recorder captured at
local playbackSpeed = 0.9     -- Change speed here (e.g. 2.0 = 2x speed, 0.5 = half speed)

local totalFrames = #frames
-- Total base duration adjusted by playback speed multiplier
local totalDuration = ((totalFrames - 1) / targetFPS) / playbackSpeed

local function calculateMainTimeline(elapsedTime)
	if elapsedTime >= totalDuration then
		return totalFrames, 1, true
	end
	
	local progress = elapsedTime / totalDuration
	local scaledIndex = progress * (totalFrames - 1) + 1
	local index = math.floor(scaledIndex)
	local alpha = scaledIndex - index
	
	return index, alpha, false
end

-- RUNTIME LOOP
local startTime = tick()
local finished = false
local conn

conn = RunService.RenderStepped:Connect(function()
	if finished then return end

	local currentTime = tick()
	local elapsedTime = currentTime - startTime
	local index, alpha, isFinished = calculateMainTimeline(elapsedTime)

	if isFinished or index >= totalFrames then
		finished = true
		conn:Disconnect()

		track:Stop()

		-- stabilize before final tween
		hrp.Anchored = true
		hrp.AssemblyLinearVelocity = Vector3.zero
		hrp.AssemblyAngularVelocity = Vector3.zero

		local tween = TweenService:Create(
			hrp,
			TweenInfo.new(0, Enum.EasingStyle.Quint, Enum.EasingDirection.Out), -- Instant transition (0s)
			{CFrame = checkpoint.CFrame}
		)

		tween:Play()
		tween.Completed:Wait()

		checkpoint:Destroy()

		-- restore state
		hrp.Anchored = false
		setGhost(false)

		hum.PlatformStand = false
		hum.Sit = oldSit
		hum.AutoRotate = oldAutoRotate

		return
	end

	local nextIndex = math.min(index + 1, totalFrames)
	local a = getRelative(frames[index])
	local b = getRelative(frames[nextIndex])

	hrp.CFrame = a:Lerp(b, alpha)
	hrp.AssemblyLinearVelocity = Vector3.zero
	hrp.AssemblyAngularVelocity = Vector3.zero
end)

local player = game.Players.LocalPlayer
local character = player.Character or player.CharacterAdded:Wait()
local humanoid = character:WaitForChild("Humanoid")

local PriorityLayers = {
    Enum.AnimationPriority.Core,
    Enum.AnimationPriority.Idle,
    Enum.AnimationPriority.Movement,
    Enum.AnimationPriority.Action,
    Enum.AnimationPriority.Action2,
    Enum.AnimationPriority.Action3,
    Enum.AnimationPriority.Action4
}

local function SetLayer(track, layer)
    layer = math.clamp(layer, 1, #PriorityLayers)
    track.Priority = PriorityLayers[layer]
end

local layer = 2 -- Change this from 1 to 7

local animation = Instance.new("Animation")
animation.AnimationId = "http://www.roblox.com/asset/?version=1&id=21633130"

local animationTrack = humanoid:LoadAnimation(animation)

SetLayer(animationTrack, layer)

local fadeTime = 0.3
animationTrack:Play(fadeTime)
animationTrack.TimePosition = 0
animationTrack:AdjustSpeed(1)

task.delay(11.5, function()
    animationTrack:Stop(fadeTime)
end)
local player = game.Players.LocalPlayer
local character = player.Character or player.CharacterAdded:Wait()
local humanoid = character:WaitForChild("Humanoid")

local PriorityLayers = {
    Enum.AnimationPriority.Core,
    Enum.AnimationPriority.Idle,
    Enum.AnimationPriority.Movement,
    Enum.AnimationPriority.Action,
    Enum.AnimationPriority.Action2,
    Enum.AnimationPriority.Action3,
    Enum.AnimationPriority.Action4
}

local function SetLayer(track, layer)
    layer = math.clamp(layer, 1, #PriorityLayers)
    track.Priority = PriorityLayers[layer]
end

local layer = 3 -- Change this from 1 to 7

local animation = Instance.new("Animation")
animation.AnimationId = "http://www.roblox.com/asset/?version=1&id=56146409"

local animationTrack = humanoid:LoadAnimation(animation)

SetLayer(animationTrack, layer)

local fadeTime = 0.3
animationTrack:Play(fadeTime)
animationTrack.TimePosition = 0
animationTrack:AdjustSpeed(1)

task.delay(2, function()
    animationTrack:Stop(fadeTime)
end)
task.wait(2)
local player = game.Players.LocalPlayer
local character = player.Character or player.CharacterAdded:Wait()
local humanoid = character:WaitForChild("Humanoid")

local PriorityLayers = {
    Enum.AnimationPriority.Core,
    Enum.AnimationPriority.Idle,
    Enum.AnimationPriority.Movement,
    Enum.AnimationPriority.Action,
    Enum.AnimationPriority.Action2,
    Enum.AnimationPriority.Action3,
    Enum.AnimationPriority.Action4
}

local function SetLayer(track, layer)
    layer = math.clamp(layer, 1, #PriorityLayers)
    track.Priority = PriorityLayers[layer]
end

local layer = 3 -- Change this from 1 to 7

local animation = Instance.new("Animation")
animation.AnimationId = "http://www.roblox.com/asset/?version=1&id=161268368"

local animationTrack = humanoid:LoadAnimation(animation)

SetLayer(animationTrack, layer)

local fadeTime = 0.3
animationTrack:Play(fadeTime)
animationTrack.TimePosition = 0
animationTrack:AdjustSpeed(1)

task.delay(2, function()
    animationTrack:Stop(fadeTime)
end)
task.wait(2)
local player = game.Players.LocalPlayer
local character = player.Character or player.CharacterAdded:Wait()
local humanoid = character:WaitForChild("Humanoid")

local PriorityLayers = {
    Enum.AnimationPriority.Core,
    Enum.AnimationPriority.Idle,
    Enum.AnimationPriority.Movement,
    Enum.AnimationPriority.Action,
    Enum.AnimationPriority.Action2,
    Enum.AnimationPriority.Action3,
    Enum.AnimationPriority.Action4
}

local function SetLayer(track, layer)
    layer = math.clamp(layer, 1, #PriorityLayers)
    track.Priority = PriorityLayers[layer]
end

local layer = 3 -- Change this from 1 to 7

local animation = Instance.new("Animation")
animation.AnimationId = "http://www.roblox.com/asset/?version=1&id=56146409"

local animationTrack = humanoid:LoadAnimation(animation)

SetLayer(animationTrack, layer)

local fadeTime = 0.3
animationTrack:Play(fadeTime)
animationTrack.TimePosition = 0
animationTrack:AdjustSpeed(1)

task.delay(2, function()
    animationTrack:Stop(fadeTime)
end)
task.wait(2)
local player = game.Players.LocalPlayer
local character = player.Character or player.CharacterAdded:Wait()
local humanoid = character:WaitForChild("Humanoid")

local PriorityLayers = {
    Enum.AnimationPriority.Core,
    Enum.AnimationPriority.Idle,
    Enum.AnimationPriority.Movement,
    Enum.AnimationPriority.Action,
    Enum.AnimationPriority.Action2,
    Enum.AnimationPriority.Action3,
    Enum.AnimationPriority.Action4
}

local function SetLayer(track, layer)
    layer = math.clamp(layer, 1, #PriorityLayers)
    track.Priority = PriorityLayers[layer]
end

local layer = 3 -- Change this from 1 to 7

local animation = Instance.new("Animation")
animation.AnimationId = "http://www.roblox.com/asset/?version=1&id=161268368"

local animationTrack = humanoid:LoadAnimation(animation)

SetLayer(animationTrack, layer)

local fadeTime = 0.3
animationTrack:Play(fadeTime)
animationTrack.TimePosition = 0
animationTrack:AdjustSpeed(1)

task.delay(2, function()
    animationTrack:Stop(fadeTime)
end)
task.wait(2)
local player = game.Players.LocalPlayer
local character = player.Character or player.CharacterAdded:Wait()
local humanoid = character:WaitForChild("Humanoid")

local PriorityLayers = {
    Enum.AnimationPriority.Core,
    Enum.AnimationPriority.Idle,
    Enum.AnimationPriority.Movement,
    Enum.AnimationPriority.Action,
    Enum.AnimationPriority.Action2,
    Enum.AnimationPriority.Action3,
    Enum.AnimationPriority.Action4
}

local function SetLayer(track, layer)
    layer = math.clamp(layer, 1, #PriorityLayers)
    track.Priority = PriorityLayers[layer]
end

local layer = 3 -- Change this from 1 to 7

local animation = Instance.new("Animation")
animation.AnimationId = "http://www.roblox.com/asset/?version=1&id=56146409"

local animationTrack = humanoid:LoadAnimation(animation)

SetLayer(animationTrack, layer)

local fadeTime = 0.3
animationTrack:Play(fadeTime)
animationTrack.TimePosition = 0
animationTrack:AdjustSpeed(1)

task.delay(2, function()
    animationTrack:Stop(fadeTime)
end)
task.wait(2)
local player = game.Players.LocalPlayer
local character = player.Character or player.CharacterAdded:Wait()
local humanoid = character:WaitForChild("Humanoid")

local PriorityLayers = {
    Enum.AnimationPriority.Core,
    Enum.AnimationPriority.Idle,
    Enum.AnimationPriority.Movement,
    Enum.AnimationPriority.Action,
    Enum.AnimationPriority.Action2,
    Enum.AnimationPriority.Action3,
    Enum.AnimationPriority.Action4
}

local function SetLayer(track, layer)
    layer = math.clamp(layer, 1, #PriorityLayers)
    track.Priority = PriorityLayers[layer]
end

local layer = 3 -- Change this from 1 to 7

local animation = Instance.new("Animation")
animation.AnimationId = "http://www.roblox.com/asset/?version=1&id=161268368"

local animationTrack = humanoid:LoadAnimation(animation)

SetLayer(animationTrack, layer)

local fadeTime = 0.3
animationTrack:Play(fadeTime)
animationTrack.TimePosition = 0
animationTrack:AdjustSpeed(1)

task.delay(1.5, function()
    animationTrack:Stop(fadeTime)
end)
