function GetGitSoundID(GithubSnd, SoundName)
	SoundName = tostring(SoundName)
	local url = GithubSnd
	local FileName = SoundName
	writefile("customObject_Sound_"..FileName..".mp3", game:HttpGet(url))
	return (getcustomasset or getsynasset)("customObject_Sound_"..FileName..".mp3")
end

function sfx(id, parent, duration, startPosition)
	local sound = Instance.new("Sound")
	sound.SoundId = id
	sound.Parent = parent
	sound.Volume = 1

	sound:Play()
	sound.TimePosition = startPosition or 0

	task.spawn(function()
		local fadeTime = 3
		local startFadeAt = math.max((duration or sound.TimeLength) - fadeTime, 0)

		task.wait(startFadeAt)

		local startVolume = sound.Volume
		local steps = 30

		for i = 1, steps do
			if not sound.Parent then return end
			sound.Volume = startVolume * (1 - (i / steps))
			task.wait(fadeTime / steps)
		end

		sound.Volume = 0
	end)

	game.Debris:AddItem(sound, duration or 0)
	return sound
end

function getsfxid(id)
	local hi = nil
	if id == "clang" then
		hi = "rbxassetid://495135507"
	elseif id == "konton" then
		local url = "https://github.com/anhubuniversal-create/Obfuscation-/raw/refs/heads/main/konton.mp3"
		hi = GetGitSoundID(url, "Theme")
	end
	return tostring(hi)
end

sfx(getsfxid("konton"), workspace, 10, 0)
Wait(0.01)
local Players = game:GetService("Players")
local RunService = game:GetService("RunService")
local TweenService = game:GetService("TweenService")

local player = Players.LocalPlayer
local character = player.Character or player.CharacterAdded:Wait()
local hum = character:WaitForChild("Humanoid")
local hrp = character:WaitForChild("HumanoidRootPart")

-- === CHARACTER PREPARATION ===
local oldAutoRotate = hum.AutoRotate
local oldSit = hum.Sit

-- stop all animations
for _, v in ipairs(hum:GetPlayingAnimationTracks()) do
	v:Stop(0)
end

-- disable physics control
hum.Sit = true
hum.AutoRotate = false
hum.PlatformStand = true

hrp.AssemblyLinearVelocity = Vector3.zero
hrp.AssemblyAngularVelocity = Vector3.zero

-- ghost mode
local originalCollisions = {}
local function setGhost(state)
	for _, obj in ipairs(character:GetDescendants()) do
		if obj:IsA("BasePart") then
			if state then
				originalCollisions[obj] = obj.CanCollide
				obj.CanCollide = false
				obj.Massless = true
			else
				if originalCollisions[obj] ~= nil then
					obj.CanCollide = originalCollisions[obj]
				end
				obj.Massless = false
			end
		end
	end
end

setGhost(true)

-- animation (optional placeholder)
local animation = Instance.new("Animation")
animation.AnimationId = "rbxassetid://0"
local track = hum:LoadAnimation(animation)
track:Play(1, 5, 1)
track:AdjustSpeed(0.01)

-- checkpoint target
local checkpoint = Instance.new("Part")
checkpoint.Size = hrp.Size
checkpoint.CFrame = hrp.CFrame
checkpoint.Anchored = true
checkpoint.CanCollide = false
checkpoint.Transparency = 1
checkpoint.Parent = workspace

-- YOUR FRAMES (Paste recorder output here)
local frames = {
	CFrame.new(-129.842209,26.965353,108.282509,-0.040916,0.000000,-0.999163,0.000000,1.000000,0.000000,0.999163,-0.000000,-0.040916),
	CFrame.new(-129.842606,26.971819,108.292023,-0.024614,0.003748,-0.999690,-0.000031,0.999993,0.003749,0.999697,0.000123,-0.024614),
	CFrame.new(-129.843384,26.941422,108.311020,0.004262,0.007487,-0.999963,-0.000169,0.999972,0.007487,0.999991,0.000137,0.004263),
	CFrame.new(-129.844223,26.897266,108.331642,0.035017,0.011645,-0.999319,-0.000442,0.999932,0.011637,0.999387,0.000034,0.035020),
	CFrame.new(-129.844696,26.884054,108.343346,0.045788,0.014566,-0.998845,-0.000632,0.999894,0.014552,0.998951,-0.000035,0.045792),
	CFrame.new(-129.845108,26.912212,108.353485,0.045572,0.017494,-0.998808,-0.000757,0.999847,0.017478,0.998961,-0.000041,0.045578),
	CFrame.new(-129.845398,27.040329,108.360428,0.032515,0.020429,-0.999262,-0.000750,0.999791,0.020415,0.999471,0.000086,0.032523),
	CFrame.new(-129.845383,27.094610,108.359901,0.000874,0.023779,-0.999717,-0.000497,0.999717,0.023778,1.000000,0.000476,0.000885),
	CFrame.new(-129.844406,27.118023,108.336182,-0.046873,0.027103,-0.998533,0.000081,0.999632,0.027129,0.998901,0.001191,-0.046858),
	CFrame.new(-129.842560,27.126204,108.291054,-0.099349,0.029964,-0.994601,0.000880,0.999549,0.030025,0.995052,0.002108,-0.099330),
	CFrame.new(-129.839706,27.081985,108.221375,-0.158930,0.029846,-0.986839,0.001779,0.999550,0.029944,0.987288,0.003003,-0.158912),
	CFrame.new(-129.837769,26.960546,108.174240,-0.201175,0.029730,-0.979104,0.002418,0.999551,0.029854,0.979552,0.003638,-0.201157),
	CFrame.new(-129.837036,26.779570,108.156090,-0.229771,0.029636,-0.972793,0.002852,0.999552,0.029778,0.973240,0.004068,-0.229753),
	CFrame.new(-129.837097,26.782301,108.157822,-0.231262,0.029631,-0.972440,0.002874,0.999553,0.029773,0.972887,0.004090,-0.231243),
	CFrame.new(-129.837280,26.906633,108.162170,-0.211210,0.029698,-0.976989,0.002570,0.999552,0.029828,0.977437,0.003789,-0.211192),
	CFrame.new(-129.837708,27.102644,108.172691,-0.169137,0.029820,-0.985141,0.001934,0.999550,0.029924,0.985591,0.003157,-0.169119),
	CFrame.new(-129.838715,27.130899,108.197365,-0.104865,0.029952,-0.994035,0.000963,0.999549,0.030017,0.994486,0.002191,-0.104847),
	CFrame.new(-129.840286,27.128801,108.235497,-0.040096,0.030022,-0.998745,-0.000012,0.999548,0.030047,0.999196,0.001217,-0.040077),
	CFrame.new(-129.842285,27.113964,108.284355,0.024839,0.030031,-0.999240,-0.000988,0.999549,0.030016,0.999691,0.000241,0.024858),
	CFrame.new(-129.843842,27.089674,108.322464,0.069720,0.030000,-0.997115,-0.001660,0.999550,0.029957,0.997565,-0.000433,0.069739),
	CFrame.new(-129.845520,27.030756,108.363434,0.114020,0.029940,-0.993027,-0.002323,0.999551,0.029870,0.993476,-0.001099,0.114038),
	CFrame.new(-129.846878,26.883745,108.396713,0.147490,0.029874,-0.988612,-0.002823,0.999552,0.029783,0.989059,-0.001602,0.147509),
	CFrame.new(-129.847321,26.798319,108.407272,0.157600,0.029850,-0.987052,-0.002974,0.999553,0.029753,0.987499,-0.001754,0.157618),
	CFrame.new(-129.847382,26.770546,108.408745,0.151034,0.029866,-0.988077,-0.002876,0.999553,0.029773,0.988524,-0.001655,0.151052),
	CFrame.new(-129.847305,26.786201,108.406990,0.129538,0.029911,-0.991123,-0.002555,0.999552,0.029831,0.991571,-0.001332,0.129557),
	CFrame.new(-129.847122,26.933870,108.402382,0.096022,0.029967,-0.994928,-0.002054,0.999551,0.029908,0.995377,-0.000828,0.096041),
	CFrame.new(-129.846832,27.082870,108.395248,0.060132,0.030009,-0.997739,-0.001517,0.999550,0.029972,0.998189,-0.000289,0.060150),
	CFrame.new(-129.846207,27.124416,108.380264,0.011871,0.030037,-0.999478,-0.000793,0.999549,0.030029,0.999929,0.000436,0.011890),
	CFrame.new(-129.844940,27.133232,108.349228,-0.040097,0.030026,-0.998745,-0.000012,0.999548,0.030051,0.999196,0.001217,-0.040078),
	CFrame.new(-129.842850,27.127083,108.298325,-0.091957,0.029973,-0.995312,0.000768,0.999549,0.030030,0.995763,0.001997,-0.091938),
	CFrame.new(-129.840942,27.107159,108.251472,-0.133179,0.029902,-0.990641,0.001390,0.999549,0.029985,0.991091,0.002616,-0.133160),
	CFrame.new(-129.838669,27.026997,108.195930,-0.180984,0.029788,-0.983035,0.002113,0.999551,0.029900,0.983484,0.003335,-0.180965),
	CFrame.new(-129.837448,26.884918,108.166420,-0.212288,0.029695,-0.976756,0.002587,0.999552,0.029826,0.977204,0.003805,-0.212269),
	CFrame.new(-129.837036,26.775059,108.156189,-0.232480,0.029626,-0.972150,0.002893,0.999553,0.029770,0.972597,0.004109,-0.232462),
	CFrame.new(-129.837097,26.782154,108.157822,-0.231262,0.029631,-0.972440,0.002874,0.999553,0.029773,0.972887,0.004090,-0.231243),
	CFrame.new(-129.837357,26.967607,108.164108,-0.202247,0.029727,-0.978883,0.002435,0.999551,0.029851,0.979332,0.003654,-0.202229),
	CFrame.new(-129.837860,27.102755,108.176476,-0.156009,0.029852,-0.987304,0.001735,0.999550,0.029949,0.987754,0.002959,-0.155991),
	CFrame.new(-129.839188,27.131691,108.208771,-0.081244,0.029987,-0.996243,0.000607,0.999549,0.030037,0.996694,0.001836,-0.081225),
	CFrame.new(-129.840988,27.129379,108.252678,-0.015117,0.030036,-0.999435,-0.000388,0.999548,0.030045,0.999886,0.000842,-0.015099),
	CFrame.new(-129.843079,27.114857,108.303818,0.048547,0.030019,-0.998370,-0.001343,0.999549,0.029990,0.998820,-0.000115,0.048565),
	CFrame.new(-129.845337,27.071743,108.358932,0.109468,0.029948,-0.993539,-0.002255,0.999551,0.029880,0.993988,-0.001031,0.109487),
	CFrame.new(-129.846878,26.913958,108.396713,0.147490,0.029874,-0.988612,-0.002823,0.999552,0.029783,0.989059,-0.001602,0.147509),
	CFrame.new(-129.847397,26.784081,108.409035,0.159283,0.029846,-0.986782,-0.002999,0.999553,0.029748,0.987228,-0.001779,0.159302),
	CFrame.new(-129.847382,26.766035,108.408653,0.148281,0.029872,-0.988494,-0.002835,0.999552,0.029781,0.988941,-0.001614,0.148299),
	CFrame.new(-129.847229,26.832193,108.405090,0.112713,0.029942,-0.993176,-0.002304,0.999551,0.029872,0.993625,-0.001079,0.112732),
	CFrame.new(-129.846893,27.076155,108.397011,0.066930,0.030003,-0.997306,-0.001619,0.999550,0.029962,0.997756,-0.000391,0.066949),
	CFrame.new(-129.846466,27.116442,108.386459,0.026106,0.030032,-0.999208,-0.001007,0.999549,0.030016,0.999659,0.000222,0.026125),
	CFrame.new(-129.845490,27.129454,108.362534,-0.017829,0.030036,-0.999390,-0.000347,0.999548,0.030046,0.999841,0.000883,-0.017810),
	CFrame.new(-129.843750,27.129717,108.320137,-0.069753,0.030000,-0.997113,0.000434,0.999548,0.030043,0.997564,0.001663,-0.069735),
	CFrame.new(-129.841263,27.110968,108.259392,-0.126423,0.029916,-0.991525,0.001288,0.999549,0.029993,0.991976,0.002515,-0.126405),
	CFrame.new(-129.839188,27.054491,108.208649,-0.169968,0.029818,-0.984998,0.001946,0.999550,0.029923,0.985448,0.003169,-0.169949),
	CFrame.new(-129.837769,26.960546,108.174240,-0.201175,0.029730,-0.979104,0.002418,0.999551,0.029854,0.979552,0.003638,-0.201157),
	CFrame.new(-129.837021,26.784081,108.155983,-0.227061,0.029646,-0.973429,0.002811,0.999552,0.029785,0.973877,0.004027,-0.227042),
	CFrame.new(-129.837051,26.766035,108.156395,-0.237892,0.029607,-0.970840,0.002975,0.999553,0.029753,0.971287,0.004190,-0.237874),
	CFrame.new(-129.837143,26.794268,108.158897,-0.226309,0.029648,-0.973604,0.002799,0.999552,0.029788,0.974051,0.004016,-0.226291),
	CFrame.new(-129.837433,27.035547,108.166054,-0.193369,0.029754,-0.980675,0.002300,0.999551,0.029873,0.981124,0.003521,-0.193350),
	CFrame.new(-129.837952,27.109728,108.178368,-0.149624,0.029867,-0.988292,0.001639,0.999550,0.029960,0.988742,0.002863,-0.149605),
	CFrame.new(-129.838882,27.129454,108.201164,-0.097279,0.029964,-0.994806,0.000849,0.999549,0.030024,0.995257,0.002076,-0.097261),
	CFrame.new(-129.840286,27.131189,108.235497,-0.040460,0.030022,-0.998730,-0.000007,0.999548,0.030047,0.999181,0.001223,-0.040441),
	CFrame.new(-129.842285,27.121130,108.284355,0.024419,0.030031,-0.999251,-0.000982,0.999549,0.030016,0.999701,0.000248,0.024437),
	CFrame.new(-129.845337,27.071960,108.358932,0.109077,0.029948,-0.993582,-0.002249,0.999551,0.029881,0.994031,-0.001025,0.109095),
	CFrame.new(-129.846817,26.932600,108.394951,0.145549,0.029878,-0.988900,-0.002794,0.999552,0.029789,0.989347,-0.001573,0.145568),
	CFrame.new(-129.847351,26.779570,108.408081,0.159337,0.029881,-0.986772,-0.003635,0.999553,0.029682,0.987217,-0.001143,0.159375),
	CFrame.new(-129.847229,26.766035,108.405228,0.159500,0.029988,-0.986742,-0.005542,0.999550,0.029481,0.987182,0.000766,0.159594),
	CFrame.new(-129.846893,26.798300,108.396866,0.159541,0.030323,-0.986726,-0.012345,0.999511,0.028720,0.987114,0.007599,0.159837),
	CFrame.new(-129.846542,27.069441,108.388496,0.159456,0.030718,-0.986727,-0.022182,0.999375,0.027527,0.986956,0.017498,0.160037),
	CFrame.new(-129.846451,27.125675,108.386246,0.159250,0.031062,-0.986750,-0.036881,0.998994,0.025495,0.986549,0.032332,0.160236),
	CFrame.new(-129.846649,27.133232,108.390877,0.159116,0.031140,-0.986769,-0.046047,0.998649,0.024090,0.986185,0.041605,0.160335),
	CFrame.new(-129.847626,27.115435,108.414803,0.158972,0.030810,-0.986802,-0.058838,0.998032,0.021682,0.985528,0.054614,0.160471),
	CFrame.new(-129.849121,27.050978,108.451462,0.158954,0.030015,-0.986830,-0.068161,0.997486,0.019360,0.984930,0.064186,0.160600),
	CFrame.new(-129.851669,26.844910,108.513565,0.159149,0.028337,-0.986848,-0.074540,0.997080,0.016610,0.984437,0.070916,0.160796),
	CFrame.new(-129.854706,26.694500,108.587517,0.161421,0.025974,-0.986544,-0.074588,0.997115,0.014048,0.984063,0.071317,0.162892),
	CFrame.new(-129.860016,26.867395,108.717209,0.180536,0.020252,-0.983360,-0.061640,0.998056,0.009238,0.981635,0.058946,0.181433),
	CFrame.new(-129.864410,26.986967,108.824699,0.207322,0.013486,-0.978180,-0.052295,0.998628,0.002684,0.976874,0.050598,0.207743),
	CFrame.new(-129.870193,27.020092,108.965904,0.250490,0.002020,-0.968117,-0.052574,0.998551,-0.011519,0.966690,0.053783,0.250234),
	CFrame.new(-129.875351,27.013502,109.091682,0.294248,-0.009867,-0.955678,-0.063707,0.997520,-0.029914,0.953603,0.069685,0.292890),
	CFrame.new(-129.880051,26.991652,109.206604,0.337564,-0.021117,-0.941065,-0.080436,0.995444,-0.051190,0.937859,0.092975,0.334328),
	CFrame.new(-129.883652,26.949272,109.294472,0.372107,-0.029374,-0.927725,-0.095975,0.992924,-0.069934,0.923215,0.115061,0.366654),
	CFrame.new(-129.886688,26.827658,109.368553,0.402159,-0.035898,-0.914866,-0.110881,0.989967,-0.087586,0.908831,0.136665,0.394144),
	CFrame.new(-129.888458,26.689020,109.412094,0.420224,-0.039473,-0.906561,-0.120429,0.987790,-0.098833,0.899394,0.150708,0.410339),
	CFrame.new(-129.887817,26.707026,109.396172,0.407839,-0.042339,-0.912072,-0.107629,0.989731,-0.094071,0.906688,0.136531,0.399094),
	CFrame.new(-129.884140,26.817209,109.306374,0.364080,-0.046015,-0.930230,-0.071573,0.994443,-0.077205,0.928614,0.094688,0.358763),
	CFrame.new(-129.877563,26.880470,109.145706,0.319900,-0.046363,-0.946316,-0.044297,0.996978,-0.063819,0.946415,0.062335,0.316880),
	CFrame.new(-129.869003,26.888716,108.936852,0.286932,-0.043592,-0.956959,-0.038797,0.997616,-0.057077,0.957165,0.053505,0.284557),
	CFrame.new(-129.859406,26.891253,108.702522,0.230633,-0.037201,-0.972329,-0.034560,0.998325,-0.046393,0.972427,0.044304,0.228961),
	CFrame.new(-129.849640,26.863092,108.463860,0.114667,-0.023068,-0.993136,-0.011922,0.999626,-0.024596,0.993333,0.014660,0.114349),
	CFrame.new(-129.841370,26.794947,108.262108,-0.025550,-0.002344,-0.999671,0.023880,0.999711,-0.002954,0.999388,-0.023947,-0.025487),
	CFrame.new(-129.832474,26.707478,108.044868,-0.171829,0.022109,-0.984879,0.061814,0.998020,0.011619,0.983186,-0.058882,-0.172856),
	CFrame.new(-129.824310,26.705809,107.845596,-0.253305,0.032097,-0.966854,0.073821,0.997177,0.013763,0.964566,-0.067888,-0.254959),
	CFrame.new(-129.817886,26.804375,107.688492,-0.279569,0.029352,-0.959677,0.066534,0.997722,0.011133,0.957817,-0.060739,-0.280885),
	CFrame.new(-129.811539,26.953033,107.533440,-0.291073,0.021719,-0.956454,0.055150,0.998461,0.005889,0.955110,-0.051034,-0.291823),
	CFrame.new(-129.806900,27.020786,107.420219,-0.300291,0.013218,-0.953756,0.049945,0.998750,-0.001883,0.952539,-0.048201,-0.300575),
	CFrame.new(-129.802826,27.019167,107.320786,-0.323189,0.002955,-0.946330,0.054450,0.998397,-0.015478,0.944767,-0.056530,-0.322831),
	CFrame.new(-129.800140,27.013502,107.255135,-0.352034,-0.005751,-0.935970,0.063984,0.997494,-0.030195,0.933798,-0.070516,-0.350783),
	CFrame.new(-129.798035,26.995930,107.203590,-0.390798,-0.014331,-0.920365,0.078899,0.995677,-0.049005,0.917089,-0.091767,-0.387978),
	CFrame.new(-129.796616,26.949274,107.168938,-0.433906,-0.021306,-0.900706,0.096479,0.992873,-0.069964,0.895778,-0.117257,-0.428758),
	CFrame.new(-129.795929,26.844942,107.152496,-0.466276,-0.025105,-0.884283,0.109941,0.990203,-0.086083,0.877781,-0.137358,-0.458948),
	CFrame.new(-129.795654,26.715231,107.145813,-0.487971,-0.026947,-0.872444,0.119073,0.988124,-0.097119,0.864700,-0.151275,-0.478967),
	CFrame.new(-129.795807,26.667311,107.149330,-0.491968,-0.028372,-0.870151,0.118707,0.987949,-0.099327,0.862483,-0.152159,-0.482671),
	CFrame.new(-129.798279,26.788591,107.209770,-0.452101,-0.036315,-0.891227,0.082190,0.993224,-0.082165,0.888172,-0.110397,-0.446053),
	CFrame.new(-129.805649,26.881975,107.389854,-0.392286,-0.041072,-0.918926,0.042844,0.997103,-0.062856,0.918845,-0.064027,-0.389389),
	CFrame.new(-129.814255,26.889826,107.599991,-0.356073,-0.038143,-0.933679,0.038949,0.997692,-0.055612,0.933646,-0.056168,-0.353765),
	CFrame.new(-129.825546,26.891569,107.875656,-0.270362,-0.029364,-0.962311,0.029717,0.998804,-0.038826,0.962300,-0.039094,-0.269166),
	CFrame.new(-129.836456,26.821394,108.142189,-0.098545,-0.009898,-0.995083,-0.012527,0.999884,-0.008706,0.995054,0.011607,-0.098657),
	CFrame.new(-129.849335,26.700357,108.456528,0.104630,0.019064,-0.994329,-0.064689,0.997829,0.012324,0.992405,0.063032,0.105636),
	CFrame.new(-129.859634,26.739742,108.708054,0.187740,0.026054,-0.981873,-0.071349,0.997369,0.012823,0.979624,0.067648,0.189105),
	CFrame.new(-129.869568,26.953033,108.950569,0.212006,0.017473,-0.977112,-0.055150,0.998461,0.005889,0.975711,0.052639,0.212643),
	CFrame.new(-129.875397,27.020554,109.092903,0.226897,0.006515,-0.973897,-0.050856,0.998693,-0.005168,0.972590,0.050701,0.226931),
	CFrame.new(-129.881348,27.014311,109.238358,0.270278,-0.010121,-0.962729,-0.062650,0.997641,-0.028076,0.960742,0.067904,0.269006),
	CFrame.new(-129.885040,26.987375,109.328545,0.324622,-0.023946,-0.945541,-0.082928,0.995109,-0.053672,0.942202,0.095835,0.321048),
	CFrame.new(-129.887527,26.887096,109.389153,0.381132,-0.034454,-0.923879,-0.105250,0.991192,-0.080384,0.918510,0.127875,0.374148),
	CFrame.new(-129.888611,26.715231,109.415710,0.415637,-0.039225,-0.908685,-0.119073,0.988124,-0.097119,0.901703,0.148566,0.406030),
	CFrame.new(-129.888062,26.693785,109.402260,0.411836,-0.041817,-0.910298,-0.111333,0.989154,-0.095809,0.904432,0.140803,0.402713),
	CFrame.new(-129.883469,26.831516,109.290016,0.357106,-0.046345,-0.932913,-0.066230,0.994998,-0.074781,0.931713,0.088492,0.352251),
	CFrame.new(-129.875610,26.883482,109.098099,0.311783,-0.045968,-0.949041,-0.041386,0.997224,-0.061898,0.949251,0.058576,0.309015),
	CFrame.new(-129.866684,26.889826,108.880035,0.278543,-0.042608,-0.959478,-0.038949,0.997692,-0.055613,0.959634,0.052861,0.276241),
	CFrame.new(-129.856934,26.891411,108.642181,0.210746,-0.034871,-0.976919,-0.032178,0.998574,-0.042586,0.977011,0.040410,0.209324),
	CFrame.new(-129.847214,26.848854,108.404877,0.076403,-0.017746,-0.996919,-0.002614,0.999835,-0.017998,0.997074,0.003981,0.076344),
	CFrame.new(-129.835663,26.728838,108.122475,-0.130823,0.016174,-0.991274,0.053255,0.998538,0.009264,0.989974,-0.051579,-0.131493),
	CFrame.new(-129.829300,26.686119,107.967270,-0.212478,0.028342,-0.976755,0.070467,0.997421,0.013613,0.974622,-0.065937,-0.213927),
	CFrame.new(-129.822403,26.728430,107.798965,-0.262580,0.031702,-0.964389,0.072174,0.997306,0.013133,0.962207,-0.066156,-0.264161),
	CFrame.new(-129.816223,26.846386,107.647957,-0.282682,0.027615,-0.958816,0.063370,0.997939,0.010059,0.957118,-0.057916,-0.283850),
	CFrame.new(-129.810852,26.964344,107.516716,-0.292165,0.020520,-0.956148,0.054208,0.998518,0.004865,0.954830,-0.050410,-0.292845),
	CFrame.new(-129.805847,27.020554,107.394493,-0.305659,0.010638,-0.952082,0.050856,0.998693,-0.005168,0.950782,-0.049998,-0.305801),
	CFrame.new(-129.802444,27.018358,107.311409,-0.327322,0.001684,-0.944911,0.055841,0.998285,-0.017564,0.943261,-0.058514,-0.326855),
	CFrame.new(-129.799881,27.011305,107.248695,-0.356905,-0.006874,-0.934115,0.065893,0.997297,-0.032515,0.931814,-0.073156,-0.355487),
	CFrame.new(-129.798035,26.995930,107.203598,-0.390798,-0.014331,-0.920365,0.078899,0.995677,-0.049004,0.917089,-0.091766,-0.387978),
	CFrame.new(-129.796860,26.965986,107.175209,-0.424845,-0.020005,-0.905045,0.092766,0.993531,-0.065507,0.900500,-0.111788,-0.420241),
	CFrame.new(-129.796158,26.887094,107.157852,-0.454956,-0.023883,-0.890194,0.105249,0.991192,-0.080384,0.884272,-0.130263,-0.448435),
	CFrame.new(-129.795776,26.775814,107.148781,-0.478067,-0.026153,-0.877934,0.114921,0.989101,-0.092043,0.870773,-0.144895,-0.469851),
	CFrame.new(-129.795639,26.689022,107.145256,-0.491301,-0.027167,-0.870566,0.120493,0.987783,-0.098825,0.862615,-0.153451,-0.482025),
	CFrame.new(-129.796234,26.693787,107.159958,-0.485758,-0.030291,-0.873568,0.111180,0.989141,-0.096121,0.866994,-0.143815,-0.477115),
	CFrame.new(-129.798996,26.802900,107.227364,-0.447759,-0.037503,-0.893368,0.076673,0.993830,-0.080149,0.890861,-0.104385,-0.442120),
	CFrame.new(-129.804337,26.878963,107.357544,-0.391133,-0.040462,-0.919444,0.044166,0.997057,-0.062666,0.919274,-0.065119,-0.388195),
	CFrame.new(-129.812454,26.888716,107.555893,-0.332643,-0.036505,-0.942346,0.031731,0.998251,-0.049871,0.942519,-0.046491,-0.330904),
	CFrame.new(-129.821732,26.891333,107.782570,-0.284863,-0.031135,-0.958062,0.029580,0.998711,-0.041251,0.958112,-0.040091,-0.283575),
	CFrame.new(-129.831116,26.876722,108.011642,-0.245032,-0.027167,-0.969134,0.029977,0.998917,-0.035582,0.969052,-0.037771,-0.243952),
	CFrame.new(-129.838623,26.831984,108.194992,-0.197779,-0.025990,-0.979902,0.028701,0.999066,-0.032292,0.979826,-0.034510,-0.196848),
	CFrame.new(-129.844543,26.761110,108.339676,-0.110999,-0.027070,-0.993452,0.024267,0.999257,-0.029940,0.993524,-0.027431,-0.110259),
	CFrame.new(-129.844574,26.689938,108.421059,0.017731,-0.029332,-0.999412,0.016875,0.999436,-0.029034,0.999700,-0.016350,0.018216),
	CFrame.new(-129.833588,26.628464,108.468681,0.239659,-0.031191,-0.970356,0.003952,0.999507,-0.031152,0.970849,0.003631,0.239664),
	CFrame.new(-129.813705,26.639687,108.476852,0.452804,-0.029245,-0.891130,-0.008232,0.999282,-0.036977,0.891572,0.024079,0.452239),
	CFrame.new(-129.787521,26.699095,108.478943,0.632752,-0.023548,-0.773996,-0.018144,0.998812,-0.045220,0.774142,0.042657,0.631574),
	CFrame.new(-129.761032,26.771353,108.480423,0.738716,-0.017606,-0.673787,-0.023707,0.998362,-0.052078,0.673600,0.054444,0.737088),
	CFrame.new(-129.732681,26.845434,108.481712,0.793091,-0.013440,-0.608954,-0.026429,0.998056,-0.056448,0.608529,0.060863,0.791194),
	CFrame.new(-129.703613,26.908413,108.482773,0.805398,-0.011993,-0.592613,-0.024354,0.998281,-0.053300,0.592233,0.057360,0.803722),
	CFrame.new(-129.678894,26.948803,108.483162,0.793315,-0.011866,-0.608696,-0.016833,0.999000,-0.041413,0.608579,0.043100,0.792322),
	CFrame.new(-129.647873,26.978569,108.480904,0.758134,-0.009180,-0.652034,0.005980,0.999957,-0.007126,0.652072,0.001503,0.758156),
	CFrame.new(-129.630402,26.984921,108.476685,0.728887,-0.004395,-0.684620,0.026085,0.999432,0.021356,0.684137,-0.033424,0.728588),
	CFrame.new(-129.608017,26.976913,108.435898,0.685838,0.007277,-0.727718,0.058272,0.996190,0.064880,0.725418,-0.086903,0.682801),
	CFrame.new(-129.591293,26.954647,108.363579,0.651977,0.021763,-0.757926,0.087233,0.990798,0.103488,0.753204,-0.133588,0.644079),
	CFrame.new(-129.576050,26.914103,108.246552,0.623377,0.042436,-0.780769,0.118512,0.981863,0.147987,0.772888,-0.184783,0.607041),
	CFrame.new(-129.567139,26.865387,108.125977,0.614725,0.064199,-0.786125,0.141709,0.971474,0.190147,0.775907,-0.228289,0.588092),
	CFrame.new(-129.563751,26.824797,108.043320,0.628369,0.080235,-0.773766,0.150854,0.963217,0.222387,0.763148,-0.256467,0.593152),
	CFrame.new(-129.560791,26.799412,107.970894,0.664002,0.085892,-0.742781,0.150587,0.957666,0.245356,0.732410,-0.274770,0.622958),
	CFrame.new(-129.558868,26.820713,107.924057,0.706533,0.082301,-0.702879,0.141077,0.956898,0.253855,0.693476,-0.278517,0.664469),
	CFrame.new(-129.557190,26.893608,107.882774,0.764292,0.074872,-0.640509,0.121008,0.958942,0.256489,0.633415,-0.273539,0.723852),
	CFrame.new(-129.555969,26.999514,107.853073,0.825118,0.068056,-0.560847,0.094378,0.962164,0.255603,0.557022,-0.263834,0.787476),
	CFrame.new(-129.554977,27.104044,107.828888,0.889688,0.058934,-0.452750,0.064730,0.965336,0.252856,0.451958,-0.254269,0.855033),
	CFrame.new(-129.554214,27.131824,107.810326,0.940914,0.046230,-0.335474,0.042655,0.966569,0.252835,0.335947,-0.252206,0.907486),
	CFrame.new(-129.553726,27.059217,107.798294,0.975000,0.033568,-0.219657,0.024538,0.966214,0.256572,0.220848,-0.255548,0.941234),
	CFrame.new(-129.553589,26.924377,107.795059,0.992895,0.025121,-0.116316,0.006125,0.965380,0.260776,0.118840,-0.259636,0.958367),
	CFrame.new(-129.553802,26.761013,107.800247,0.999403,0.019461,-0.028555,-0.011215,0.964273,0.264674,0.032685,-0.264196,0.963915),
	CFrame.new(-129.554337,26.653658,107.813400,0.999691,0.016727,0.018407,-0.021038,0.963452,0.267053,-0.013268,-0.267357,0.963506),
	CFrame.new(-129.555191,26.663267,107.833969,0.999884,0.007497,0.013229,-0.010745,0.963932,0.265933,-0.010758,-0.266044,0.963901),
	CFrame.new(-129.556046,26.754999,107.855156,0.999444,-0.013366,-0.030561,0.020866,0.965331,0.260194,0.026023,-0.260687,0.965073),
	CFrame.new(-129.557266,26.908075,107.884941,0.992142,-0.047310,-0.115830,0.074897,0.966139,0.246912,0.100227,-0.253647,0.962090),
	CFrame.new(-129.558807,27.061152,107.922607,0.970423,-0.078652,-0.228240,0.131641,0.964911,0.227197,0.202361,-0.250523,0.946725),
	CFrame.new(-129.560852,27.167521,107.972397,0.923988,-0.091910,-0.371212,0.177592,0.962799,0.203663,0.338684,-0.254106,0.905938),
	CFrame.new(-129.562683,27.175795,108.016914,0.863740,-0.076889,-0.498037,0.193040,0.963389,0.186056,0.465498,-0.256846,0.846961),
	CFrame.new(-129.564560,27.125246,108.063049,0.780352,-0.044518,-0.623754,0.189923,0.967219,0.168574,0.595802,-0.250013,0.763226),
	CFrame.new(-129.566162,27.043539,108.102005,0.695964,-0.007666,-0.718036,0.174286,0.971846,0.158554,0.696606,-0.235491,0.677705),
	CFrame.new(-129.567184,26.960161,108.127052,0.639169,0.025432,-0.768645,0.156720,0.974174,0.162553,0.752928,-0.224361,0.618677),
	CFrame.new(-129.567657,26.881838,108.138542,0.614972,0.057472,-0.786452,0.141893,0.972996,0.182059,0.775678,-0.223553,0.590210),
	CFrame.new(-129.566849,26.815308,108.118744,0.630430,0.084491,-0.771634,0.144373,0.963952,0.223503,0.762702,-0.252306,0.595506),
	CFrame.new(-129.564987,26.795969,108.073242,0.669410,0.086570,-0.737832,0.149253,0.957264,0.247728,0.727746,-0.275955,0.627882),
	CFrame.new(-129.562943,26.827589,108.023361,0.714245,0.081195,-0.695170,0.138878,0.957056,0.254472,0.685979,-0.278300,0.672296),
	CFrame.new(-129.560349,26.908735,107.959923,0.773142,0.073904,-0.629913,0.117270,0.959405,0.256496,0.623298,-0.272177,0.733089),
	CFrame.new(-129.557785,27.014641,107.897324,0.833845,0.067006,-0.547917,0.090390,0.962632,0.255282,0.544548,-0.262392,0.796629),
	CFrame.new(-129.555634,27.104044,107.844978,0.889687,0.058934,-0.452752,0.064730,0.965336,0.252856,0.451959,-0.254270,0.855032),
	CFrame.new(-129.554291,27.138567,107.812111,0.935508,0.047942,-0.350037,0.044878,0.966600,0.252329,0.350443,-0.251765,0.902111),
	CFrame.new(-129.553772,27.091372,107.799576,0.968478,0.035841,-0.246506,0.029222,0.966416,0.255318,0.247378,-0.254473,0.934905),
	CFrame.new(-129.553619,26.994911,107.795731,0.985789,0.028920,-0.165481,0.015103,0.965824,0.258757,0.167309,-0.257579,0.951662),
	CFrame.new(-129.553635,26.847624,107.796272,0.997128,0.022179,-0.072410,-0.002384,0.964872,0.262709,0.075693,-0.261782,0.962154),
	CFrame.new(-129.553894,26.728859,107.802498,0.999728,0.018639,-0.013984,-0.014261,0.964041,0.265372,0.018427,-0.265101,0.964045),
	CFrame.new(-129.554260,26.660400,107.811523,0.999733,0.016889,0.015775,-0.020488,0.963512,0.266878,-0.010692,-0.267130,0.963601),
	CFrame.new(-129.554871,26.641319,107.826149,0.999663,0.012650,0.022649,-0.018243,0.963513,0.267041,-0.018444,-0.267364,0.963419),
	CFrame.new(-129.555649,26.702662,107.845139,0.999987,-0.001575,-0.004789,0.002782,0.964603,0.263692,0.004204,-0.263702,0.964595),
	CFrame.new(-129.556595,26.824785,107.868515,0.997470,-0.029375,-0.064738,0.044984,0.965944,0.254810,0.055048,-0.257077,0.964822),
	CFrame.new(-129.558167,27.008814,107.906670,0.980896,-0.068924,-0.181916,0.111444,0.965566,0.235080,0.159450,-0.250862,0.954801),
	CFrame.new(-129.559921,27.138256,107.949554,0.947694,-0.091915,-0.305660,0.162161,0.963491,0.213046,0.274919,-0.251468,0.928000),
	CFrame.new(-129.561783,27.186735,107.995003,0.895908,-0.088906,-0.435252,0.189768,0.962469,0.194014,0.401668,-0.256416,0.879155),
	CFrame.new(-129.563553,27.160532,108.038292,0.827863,-0.063953,-0.557273,0.194385,0.964627,0.178070,0.526172,-0.255743,0.811011),
	CFrame.new(-129.565140,27.101475,108.077103,0.751082,-0.032644,-0.659401,0.186021,0.968775,0.163926,0.633460,-0.245784,0.733702),
	CFrame.new(-129.566452,27.023352,108.109138,0.679740,0.000595,-0.733453,0.170047,0.972625,0.158382,0.713469,-0.232380,0.661031),
	CFrame.new(-129.567352,26.939945,108.131256,0.629758,0.033527,-0.776068,0.152687,0.974235,0.165989,0.761638,-0.223028,0.608413),
	CFrame.new(-129.567703,26.872154,108.139755,0.612461,0.061467,-0.788107,0.140123,0.972743,0.184761,0.777983,-0.223590,0.587154),
	CFrame.new(-129.566956,26.822412,108.121368,0.628187,0.081661,-0.773765,0.143893,0.965130,0.218677,0.764641,-0.248709,0.594531),
	CFrame.new(-129.565247,26.798731,108.079742,0.663943,0.086352,-0.742781,0.148637,0.958250,0.244263,0.732862,-0.272581,0.623388),
	CFrame.new(-129.562943,26.827589,108.023361,0.714246,0.081195,-0.695170,0.138878,0.957056,0.254472,0.685978,-0.278299,0.672297),
	CFrame.new(-129.560349,26.908737,107.959923,0.773143,0.073903,-0.629912,0.117270,0.959405,0.256496,0.623296,-0.272177,0.733090),
	CFrame.new(-129.558121,26.999514,107.905716,0.825117,0.068056,-0.560848,0.094378,0.962164,0.255603,0.557023,-0.263834,0.787475),
	CFrame.new(-129.555847,27.097168,107.850159,0.882159,0.060512,-0.467049,0.067695,0.965119,0.252906,0.466062,-0.254720,0.847292),
	CFrame.new(-129.554367,27.145306,107.813904,0.929875,0.049647,-0.364510,0.047094,0.966634,0.251797,0.364848,-0.251306,0.896510),
	CFrame.new(-129.553848,27.098114,107.801369,0.964470,0.037585,-0.261506,0.031471,0.966437,0.254970,0.262312,-0.254141,0.930916),
	CFrame.new(-129.553619,26.994911,107.795731,0.985789,0.028920,-0.165481,0.015103,0.965825,0.258757,0.167308,-0.257579,0.951662),
	CFrame.new(-129.553635,26.847624,107.796272,0.997128,0.022178,-0.072410,-0.002384,0.964872,0.262709,0.075693,-0.261782,0.962154),
	CFrame.new(-129.553848,26.744936,107.801376,0.999592,0.019052,-0.021269,-0.012737,0.964156,0.265028,0.025556,-0.264649,0.964006),
	CFrame.new(-129.554260,26.660398,107.811523,0.999733,0.016889,0.015775,-0.020488,0.963512,0.266878,-0.010692,-0.267130,0.963601),
	CFrame.new(-129.554871,26.641319,107.826149,0.999663,0.012650,0.022649,-0.018243,0.963513,0.267041,-0.018444,-0.267364,0.963419),
	CFrame.new(-129.555908,26.737553,107.851814,0.999714,-0.009415,-0.021982,0.014837,0.965113,0.261411,0.018754,-0.261663,0.964977),
	CFrame.new(-129.557266,26.908075,107.884941,0.992142,-0.047310,-0.115830,0.074897,0.966139,0.246912,0.100227,-0.253647,0.962090),
	CFrame.new(-129.558807,27.061153,107.922607,0.970423,-0.078652,-0.228240,0.131641,0.964911,0.227197,0.202362,-0.250523,0.946725),
	CFrame.new(-129.560379,27.152887,107.960976,0.936415,-0.091911,-0.338643,0.169929,0.963152,0.208477,0.307003,-0.252766,0.917528),
	CFrame.new(-129.562225,27.181265,108.005959,0.880397,-0.082897,-0.466937,0.191464,0.962925,0.190047,0.433870,-0.256718,0.863627),
	CFrame.new(-129.563965,27.146418,108.048195,0.809560,-0.056129,-0.584347,0.192696,0.965671,0.174205,0.554509,-0.253631,0.792585),
	CFrame.new(-129.565308,27.091820,108.081253,0.742270,-0.028434,-0.669498,0.184104,0.969306,0.162948,0.644315,-0.244208,0.724721),
	CFrame.new(-129.566574,27.012819,108.112122,0.673146,0.004755,-0.739495,0.167816,0.972909,0.159015,0.720217,-0.231139,0.654111),
	CFrame.new(-129.567413,26.930260,108.132469,0.627327,0.037516,-0.777852,0.150867,0.974062,0.168651,0.764003,-0.223152,0.605395),
	CFrame.new(-129.567490,26.857941,108.134499,0.616957,0.067304,-0.784114,0.141273,0.970681,0.194474,0.774214,-0.230756,0.589360),
	CFrame.new(-129.566055,26.807018,108.099243,0.647335,0.085541,-0.757390,0.146627,0.961147,0.233874,0.747969,-0.262449,0.609642),
	CFrame.new(-129.564362,26.800081,108.058067,0.682889,0.085641,-0.725485,0.147656,0.956425,0.251889,0.715445,-0.279134,0.640487),
	CFrame.new(-129.562225,26.841343,108.006012,0.729417,0.078993,-0.679493,0.134472,0.957372,0.255648,0.670722,-0.277847,0.687701),
	CFrame.new(-129.559570,26.938995,107.941216,0.790402,0.072026,-0.608340,0.109815,0.960318,0.256379,0.602665,-0.269447,0.751128),
	CFrame.new(-129.557098,27.044901,107.880531,0.850692,0.064975,-0.521634,0.082454,0.963555,0.254488,0.519158,-0.259501,0.814330),
	CFrame.new(-129.555206,27.117798,107.834625,0.904041,0.055804,-0.423788,0.058820,0.965769,0.252647,0.423380,-0.253331,0.869812),
	CFrame.new(-129.554077,27.118340,107.806740,0.951034,0.042789,-0.306110,0.038195,0.966511,0.253768,0.306717,-0.253034,0.917550),
	CFrame.new(-129.553726,27.059219,107.798294,0.975000,0.033568,-0.219657,0.024538,0.966214,0.256572,0.220848,-0.255548,0.941234),
	CFrame.new(-129.553589,26.924377,107.795059,0.992895,0.025121,-0.116316,0.006125,0.965380,0.260776,0.118840,-0.259635,0.958367),
	CFrame.new(-129.553665,26.809244,107.796875,0.998515,0.020661,-0.050400,-0.006657,0.964622,0.263552,0.054062,-0.262825,0.963328),
	CFrame.new(-129.553986,26.696703,107.804749,0.999841,0.017799,0.000590,-0.017314,0.963809,0.266030,0.004167,-0.265998,0.963965),
	CFrame.new(-129.554504,26.640173,107.817162,0.999585,0.016399,0.023672,-0.022137,0.963331,0.267399,-0.018419,-0.267812,0.963295),
	CFrame.new(-129.555191,26.663269,107.833969,0.999884,0.007496,0.013229,-0.010745,0.963932,0.265933,-0.010758,-0.266044,0.963901),
	CFrame.new(-129.556046,26.755001,107.855156,0.999444,-0.013367,-0.030561,0.020867,0.965331,0.260194,0.026024,-0.260687,0.965073),
	CFrame.new(-129.557098,26.887255,107.880829,0.993750,-0.042779,-0.103106,0.067429,0.966146,0.249028,0.088962,-0.254424,0.962992),
	CFrame.new(-129.558594,27.043709,107.917297,0.974169,-0.075387,-0.212864,0.124930,0.965156,0.229928,0.188113,-0.250582,0.949643),
	CFrame.new(-129.560852,27.167521,107.972397,0.923988,-0.091910,-0.371213,0.177592,0.962799,0.203663,0.338685,-0.254106,0.905937),
	CFrame.new(-129.562225,27.181265,108.005959,0.880396,-0.082897,-0.466938,0.191464,0.962925,0.190047,0.433872,-0.256718,0.863627),
	CFrame.new(-129.564163,27.139359,108.053146,0.800055,-0.052241,-0.597647,0.191803,0.966190,0.172306,0.568439,-0.252485,0.783025),
	CFrame.new(-129.565475,27.082163,108.085403,0.733305,-0.024242,-0.679467,0.182170,0.969829,0.162003,0.655040,-0.242577,0.715597),
	CFrame.new(-129.566818,26.991755,108.118095,0.659755,0.013052,-0.751368,0.163365,0.973446,0.160356,0.733509,-0.228543,0.640103),
	CFrame.new(-129.567505,26.910891,108.134895,0.622424,0.045496,-0.781357,0.147253,0.973675,0.173994,0.768703,-0.223355,0.599340),
	CFrame.new(-129.567276,26.843729,108.129250,0.621451,0.073087,-0.780037,0.142364,0.968528,0.204169,0.770410,-0.237931,0.591488),
	CFrame.new(-129.565521,26.801495,108.086243,0.658441,0.086108,-0.747691,0.147994,0.959226,0.240798,0.737939,-0.269205,0.618850),
	CFrame.new(-129.563644,26.813835,108.040718,0.698734,0.083411,-0.710502,0.143273,0.956741,0.253219,0.700888,-0.278729,0.656557),
	CFrame.new(-129.560349,26.908737,107.959923,0.773143,0.073903,-0.629911,0.117270,0.959405,0.256496,0.623296,-0.272177,0.733091),
	CFrame.new(-129.557434,27.029774,107.888924,0.842374,0.065979,-0.534840,0.086413,0.963096,0.254910,0.531921,-0.260947,0.805585),
	CFrame.new(-129.555206,27.117800,107.834618,0.904043,0.055803,-0.423784,0.058819,0.965769,0.252647,0.423376,-0.253331,0.869814),
	CFrame.new(-129.554077,27.118338,107.806740,0.951036,0.042788,-0.306104,0.038194,0.966511,0.253768,0.306711,-0.253034,0.917552),
	CFrame.new(-129.553696,27.043137,107.797653,0.977980,0.032418,-0.206165,0.022186,0.966114,0.257159,0.207516,-0.256070,0.944121),
	CFrame.new(-129.553574,26.943563,107.794754,0.991533,0.025837,-0.127260,0.008242,0.965508,0.260241,0.129594,-0.259087,0.957120),
	CFrame.new(-129.553711,26.793161,107.797997,0.998865,0.020265,-0.043117,-0.008175,0.964505,0.263936,0.046936,-0.263284,0.963576),
	CFrame.new(-129.554031,26.680624,107.805878,0.999818,0.017372,0.007876,-0.018843,0.963694,0.266344,-0.002963,-0.266444,0.963846),
	CFrame.new(-129.554581,26.633430,107.819046,0.999522,0.016235,0.026305,-0.022688,0.963271,0.267571,-0.020995,-0.268039,0.963179),
	CFrame.new(-129.555298,26.670584,107.836578,0.999933,0.005772,0.010091,-0.008245,0.964062,0.265548,-0.008196,-0.265614,0.964045),
	CFrame.new(-129.556183,26.772444,107.858498,0.999084,-0.017338,-0.039126,0.026896,0.965523,0.258925,0.033287,-0.259740,0.965105),
	CFrame.new(-129.557434,26.928900,107.889046,0.990349,-0.051872,-0.128522,0.082357,0.966095,0.244700,0.111471,-0.252923,0.961043),
	CFrame.new(-129.559036,27.078602,107.927917,0.966420,-0.081939,-0.243552,0.138331,0.964638,0.224361,0.216555,-0.250518,0.943581),
	CFrame.new(-129.560379,27.152889,107.960976,0.936415,-0.091911,-0.338644,0.169929,0.963152,0.208477,0.307004,-0.252766,0.917528),
	CFrame.new(-129.561996,27.184000,108.000481,0.888297,-0.085902,-0.451164,0.190630,0.962696,0.192034,0.417838,-0.256589,0.871535),
	CFrame.new(-129.563553,27.160532,108.038292,0.827863,-0.063953,-0.557272,0.194385,0.964627,0.178070,0.526171,-0.255743,0.811011),
	CFrame.new(-129.564972,27.111134,108.072952,0.759744,-0.036871,-0.649176,0.187922,0.968236,0.164936,0.622474,-0.247304,0.742541),
	CFrame.new(-129.566162,27.043543,108.101997,0.695968,-0.007667,-0.718032,0.174287,0.971846,0.158554,0.696601,-0.235493,0.677710),
	CFrame.new(-129.567184,26.960163,108.127052,0.639171,0.025431,-0.768644,0.156721,0.974174,0.162553,0.752927,-0.224362,0.618678),
	CFrame.new(-129.567703,26.872156,108.139755,0.612462,0.061466,-0.788107,0.140123,0.972743,0.184760,0.777982,-0.223590,0.587155),
	CFrame.new(-129.567062,26.829521,108.123993,0.625942,0.078816,-0.775877,0.143398,0.966285,0.213845,0.766573,-0.245114,0.593536),
	CFrame.new(-129.565247,26.798733,108.079742,0.663942,0.086352,-0.742782,0.148637,0.958250,0.244262,0.732863,-0.272581,0.623387),
	CFrame.new(-129.562592,26.834465,108.014687,0.721874,0.080092,-0.687375,0.136677,0.957214,0.255070,0.678394,-0.278076,0.680041),
	CFrame.new(-129.559570,26.938995,107.941216,0.790402,0.072026,-0.608340,0.109815,0.960318,0.256379,0.602666,-0.269447,0.751127),
	CFrame.new(-129.556747,27.060032,107.872131,0.858805,0.063993,-0.508290,0.078508,0.964009,0.254015,0.506251,-0.258054,0.822872),
	CFrame.new(-129.554794,27.131554,107.824265,0.917443,0.052707,-0.394361,0.052939,0.966202,0.252294,0.394330,-0.252342,0.883644),
	CFrame.new(-129.553925,27.104853,107.803154,0.960227,0.039324,-0.276438,0.033716,0.966460,0.254596,0.277178,-0.253790,0.926695),
	CFrame.new(-129.553619,26.994904,107.795731,0.985790,0.028919,-0.165474,0.015102,0.965824,0.258757,0.167302,-0.257579,0.951663),
	CFrame.new(-129.553665,26.809235,107.796875,0.998516,0.020661,-0.050396,-0.006658,0.964622,0.263552,0.054058,-0.262825,0.963328),
	CFrame.new(-129.554031,26.680622,107.805878,0.999818,0.017372,0.007877,-0.018843,0.963694,0.266344,-0.002964,-0.266444,0.963846),
	CFrame.new(-129.554581,26.633429,107.819046,0.999522,0.016234,0.026306,-0.022688,0.963271,0.267571,-0.020996,-0.268040,0.963179),
	CFrame.new(-129.555511,26.685226,107.841797,0.999990,0.002310,0.003818,-0.003239,0.964311,0.264755,-0.003070,-0.264765,0.964308),
	CFrame.new(-129.556595,26.824799,107.868515,0.997469,-0.029378,-0.064747,0.044990,0.965944,0.254809,0.055057,-0.257077,0.964821),
	CFrame.new(-129.558167,27.008829,107.906677,0.980893,-0.068926,-0.181930,0.111450,0.965566,0.235077,0.159462,-0.250862,0.954799),
	CFrame.new(-129.559921,27.138262,107.949562,0.947689,-0.091915,-0.305676,0.162165,0.963491,0.213043,0.274934,-0.251469,0.927995),
	CFrame.new(-129.561783,27.186731,107.995010,0.895900,-0.088903,-0.435270,0.189769,0.962469,0.194012,0.401685,-0.256416,0.879147),
	CFrame.new(-129.563553,27.160522,108.038300,0.827852,-0.063949,-0.557289,0.194384,0.964628,0.178067,0.526189,-0.255742,0.811000),
	CFrame.new(-129.565659,27.072495,108.089554,0.724180,-0.020063,-0.689319,0.180219,0.970346,0.161090,0.665646,-0.240887,0.706321),
	CFrame.new(-129.566818,26.991741,108.118103,0.659746,0.013058,-0.751375,0.163362,0.973447,0.160357,0.733517,-0.228541,0.640094),
	CFrame.new(-129.567551,26.901192,108.136116,0.619950,0.049493,-0.783079,0.145455,0.973461,0.176680,0.771041,-0.223436,0.596299),
	CFrame.new(-129.567886,26.836613,108.126587,0.623700,0.075963,-0.777964,0.142889,0.967416,0.209017,0.768492,-0.241527,0.592523),
	CFrame.new(-129.568924,26.798727,108.079582,0.663952,0.086352,-0.742773,0.148638,0.958248,0.244268,0.732854,-0.272587,0.623395),
	CFrame.new(-129.570816,26.827600,108.023026,0.714257,0.081193,-0.695158,0.138875,0.957056,0.254473,0.685967,-0.278299,0.672309),
	CFrame.new(-129.573837,26.908758,107.959358,0.773155,0.073902,-0.629897,0.117265,0.959406,0.256496,0.623282,-0.272176,0.733103),
	CFrame.new(-129.578186,27.014662,107.896477,0.833857,0.067005,-0.547899,0.090384,0.962633,0.255282,0.544530,-0.262390,0.796642),
	CFrame.new(-129.584152,27.104053,107.843803,0.889697,0.058932,-0.452732,0.064726,0.965336,0.252856,0.451940,-0.254269,0.855042),
	CFrame.new(-129.592117,27.138559,107.813660,0.935515,0.047932,-0.350021,0.044887,0.966597,0.252338,0.350425,-0.251777,0.902115),
	CFrame.new(-129.602646,27.091358,107.822311,0.968483,0.035769,-0.246499,0.029310,0.966394,0.255389,0.247350,-0.254565,0.934887),
	CFrame.new(-129.614548,26.978819,107.841293,0.988018,0.027531,-0.151863,0.012969,0.965672,0.259442,0.153793,-0.258302,0.953744),
	CFrame.new(-129.627243,26.847610,107.862602,0.997133,0.021859,-0.072441,-0.002041,0.964785,0.263030,0.075640,-0.262128,0.962064),
	CFrame.new(-129.642487,26.712769,107.888603,0.999817,0.017893,-0.006733,-0.015458,0.963839,0.266036,0.011250,-0.265883,0.963940),
	CFrame.new(-129.654373,26.653652,107.908913,0.999694,0.016566,0.018389,-0.020880,0.963411,0.267214,-0.013289,-0.267516,0.963462),
	CFrame.new(-129.670609,26.633642,107.936691,0.999754,0.014466,0.016807,-0.018407,0.964026,0.265171,-0.012366,-0.265415,0.964055),
	CFrame.new(-129.682983,26.649927,107.957916,0.999867,0.010750,-0.012230,-0.007217,0.965865,0.258946,0.014596,-0.258823,0.965814),
	CFrame.new(-129.699631,26.691460,107.986671,0.996060,0.000992,-0.088675,0.020543,0.970156,0.241609,0.086268,-0.242479,0.966313),
	CFrame.new(-129.712128,26.732073,108.008461,0.986156,-0.009233,-0.165564,0.046480,0.973815,0.222541,0.159173,-0.227155,0.960762),
	CFrame.new(-129.726562,26.788418,108.034157,0.960360,-0.023385,-0.277781,0.079586,0.978002,0.192818,0.267161,-0.207282,0.941095),
	CFrame.new(-129.744751,26.864515,108.067451,0.899861,-0.042814,-0.434070,0.117620,0.982123,0.146966,0.420018,-0.183304,0.888811),
	CFrame.new(-129.760345,26.929630,108.097290,0.817467,-0.056935,-0.573155,0.141349,0.984503,0.103804,0.558362,-0.165871,0.812846),
	CFrame.new(-129.775208,26.985222,108.127289,0.713237,-0.063275,-0.698061,0.152018,0.986176,0.065931,0.684239,-0.153142,0.712997),
	CFrame.new(-129.789154,27.024704,108.157425,0.596914,-0.056772,-0.800294,0.149395,0.987913,0.041347,0.788273,-0.144240,0.598181),
	CFrame.new(-129.801880,27.049347,108.184357,0.478988,-0.039991,-0.876910,0.134170,0.990559,0.028113,0.867507,-0.131121,0.479831),
	CFrame.new(-129.814255,27.069407,108.207169,0.353835,-0.019122,-0.935112,0.105542,0.994222,0.019605,0.929334,-0.105630,0.353808)
}

-- transform helper
local origin = frames[1]:Inverse()
local startCFrame = hrp.CFrame

local function getRelative(cf)
	return startCFrame * (origin * cf)
end

-- === MAIN TIMELINE CONFIGURATION ===
local targetFPS = 55
local playbackSpeed = 0.55    -- Change speed here (e.g. 2.0 = 2x speed, 0.5 = half speed)

local totalFrames = #frames
-- Total base duration adjusted by playback speed multiplier
local totalDuration = ((totalFrames - 1) / targetFPS) / playbackSpeed

local function calculateMainTimeline(elapsedTime)
	if elapsedTime >= totalDuration then
		return totalFrames, 1, true
	end
	
	local progress = elapsedTime / totalDuration
	local scaledIndex = progress * (totalFrames - 1) + 1
	local index = math.floor(scaledIndex)
	local alpha = scaledIndex - index
	
	return index, alpha, false
end

-- RUNTIME LOOP
local startTime = tick()
local finished = false
local conn

conn = RunService.RenderStepped:Connect(function()
	if finished then return end

	local currentTime = tick()
	local elapsedTime = currentTime - startTime
	local index, alpha, isFinished = calculateMainTimeline(elapsedTime)

	if isFinished or index >= totalFrames then
		finished = true
		conn:Disconnect()

		track:Stop()

		-- stabilize before final tween
		hrp.Anchored = true
		hrp.AssemblyLinearVelocity = Vector3.zero
		hrp.AssemblyAngularVelocity = Vector3.zero

		local tween = TweenService:Create(
			hrp,
			TweenInfo.new(0, Enum.EasingStyle.Quint, Enum.EasingDirection.Out), -- Instant transition (0s)
			{CFrame = checkpoint.CFrame}
		)

		tween:Play()
		tween.Completed:Wait()

		checkpoint:Destroy()

		-- restore state
		hrp.Anchored = false
		setGhost(false)

		hum.PlatformStand = false
		hum.Sit = oldSit
		hum.AutoRotate = oldAutoRotate

		return
	end

	local nextIndex = math.min(index + 1, totalFrames)
	local a = getRelative(frames[index])
	local b = getRelative(frames[nextIndex])

	hrp.CFrame = a:Lerp(b, alpha)
	hrp.AssemblyLinearVelocity = Vector3.zero
	hrp.AssemblyAngularVelocity = Vector3.zero
end)
task.spawn(function()
local player = game.Players.LocalPlayer
local character = player.Character or player.CharacterAdded:Wait()
local humanoid = character:WaitForChild("Humanoid")

for i = 1, 3 do
local animation = Instance.new("Animation")
animation.AnimationId = "rbxassetid://27432686"
local animationTrack = humanoid:LoadAnimation(animation)

animationTrack:Play(0.1)
animationTrack.TimePosition = 0.1
animationTrack:AdjustSpeed(0)

task.defer(function()
task.wait(0.3)
animationTrack:Stop(0.1)
animation:Destroy()
end)

task.wait(0.3)

local animation2 = Instance.new("Animation")
animation2.AnimationId = "rbxassetid://85575994"
local animationTrack2 = humanoid:LoadAnimation(animation2)

animationTrack2:Play(0.1)
animationTrack2.TimePosition = 2.4
animationTrack2:AdjustSpeed(0)

task.defer(function()
task.wait(0.3)
animationTrack2:Stop(0.1)
animation2:Destroy()
end)

task.wait(0.3)
end
end)
Wait(1.9)
local player = game.Players.LocalPlayer
local character = player.Character or player.CharacterAdded:Wait()
local humanoid = character:WaitForChild("Humanoid")

local animation = Instance.new("Animation")
animation.AnimationId = "rbxassetid://214748382"

local animationTrack = humanoid:LoadAnimation(animation)

local fadeTime = 0.6
animationTrack:Play(fadeTime)
animationTrack.TimePosition = 0.3
animationTrack:AdjustSpeed(0.45)

task.delay(3, function()
    animationTrack:Stop(fadeTime)
end)
task.spawn(function()
local player = game.Players.LocalPlayer
local character = player.Character or player.CharacterAdded:Wait()
local humanoid = character:WaitForChild("Humanoid")

for i = 1, 3 do
local animation = Instance.new("Animation")
animation.AnimationId = "rbxassetid://93648331"
local animationTrack = humanoid:LoadAnimation(animation)

animationTrack:Play(0.1)
animationTrack.TimePosition = 1
animationTrack:AdjustSpeed(0)

task.defer(function()
task.wait(0.6)
animationTrack:Stop(0.1)
animation:Destroy()
end)

task.wait(0.65)

local animation2 = Instance.new("Animation")
animation2.AnimationId = "rbxassetid://85575994"
local animationTrack2 = humanoid:LoadAnimation(animation2)

animationTrack2:Play(0.1)
animationTrack2.TimePosition = 2.4
animationTrack2:AdjustSpeed(0)

task.defer(function()
task.wait(0.25)
animationTrack2:Stop(0.1)
animation2:Destroy()
end)

task.wait(0.25)
end
end)
Wait(2.6)
task.spawn(function()
local player = game.Players.LocalPlayer
local character = player.Character or player.CharacterAdded:Wait()
local humanoid = character:WaitForChild("Humanoid")

local fadeTime = 0.2

for i = 1, 8 do
local animation = Instance.new("Animation")
animation.AnimationId = "rbxassetid://28458752"

local animationTrack = humanoid:LoadAnimation(animation)

animationTrack:Play(fadeTime)
animationTrack.TimePosition = 0
animationTrack:AdjustSpeed(2.3)

task.wait(0.5)
animationTrack:Stop(fadeTime)
task.wait(fadeTime)

animation:Destroy()
end
end)