local Players = game:GetService("Players")
local RunService = game:GetService("RunService")
local TweenService = game:GetService("TweenService")

local player = Players.LocalPlayer
local character = player.Character or player.CharacterAdded:Wait()
local hum = character:WaitForChild("Humanoid")
local hrp = character:WaitForChild("HumanoidRootPart")

-- === CHARACTER PREPARATION ===
local oldAutoRotate = hum.AutoRotate
local oldSit = hum.Sit

-- stop all animations
for _, v in ipairs(hum:GetPlayingAnimationTracks()) do
	v:Stop(0)
end

-- disable physics control
hum.Sit = true
hum.AutoRotate = false
hum.PlatformStand = true

hrp.AssemblyLinearVelocity = Vector3.zero
hrp.AssemblyAngularVelocity = Vector3.zero

-- ghost mode
local originalCollisions = {}
local function setGhost(state)
	for _, obj in ipairs(character:GetDescendants()) do
		if obj:IsA("BasePart") then
			if state then
				originalCollisions[obj] = obj.CanCollide
				obj.CanCollide = false
				obj.Massless = true
			else
				if originalCollisions[obj] ~= nil then
					obj.CanCollide = originalCollisions[obj]
				end
				obj.Massless = false
			end
		end
	end
end

setGhost(true)

-- animation (optional placeholder)
local animation = Instance.new("Animation")
animation.AnimationId = "rbxassetid://0"
local track = hum:LoadAnimation(animation)
track:Play(1, 5, 1)
track:AdjustSpeed(0.01)

-- checkpoint target
local checkpoint = Instance.new("Part")
checkpoint.Size = hrp.Size
checkpoint.CFrame = hrp.CFrame
checkpoint.Anchored = true
checkpoint.CanCollide = false
checkpoint.Transparency = 1
checkpoint.Parent = workspace

-- === CANCEL TOKEN HOOK ===
-- The emote wheel passes a token via the environment.
-- If _cancelToken is set and becomes cancelled, we clean up and abort.
local _token = rawget(getfenv(0), "_cancelToken") -- nil if not run from wheel

local function doCleanup()
    pcall(function() conn:Disconnect() end)
    pcall(function() track:Stop() end)
    pcall(function() hrp.Anchored = false end)
    pcall(function() setGhost(false) end)
    pcall(function() hum.PlatformStand = false end)
    pcall(function() hum.Sit = oldSit end)
    pcall(function() hum.AutoRotate = oldAutoRotate end)
    pcall(function() if checkpoint and checkpoint.Parent then checkpoint:Destroy() end end)
end

local frames = {
	CFrame.new(-194.025696,27.274647,81.760391,0.084758,-0.000000,0.996402,0.000000,1.000000,0.000000,-0.996402,0.000000,0.084758),
	CFrame.new(-194.013260,27.246962,82.035614,0.188647,0.062779,0.980036,0.056484,0.995609,-0.074650,-0.980419,0.069439,0.184273),
	CFrame.new(-193.994110,27.228029,82.308472,0.322813,0.118574,0.939006,0.065087,0.986991,-0.147009,-0.944222,0.108574,0.310896),
	CFrame.new(-193.983597,27.211645,82.491165,0.401662,0.151999,0.903086,0.078650,0.976761,-0.199380,-0.912404,0.151111,0.380373),
	CFrame.new(-193.973068,27.194855,82.673859,0.478336,0.181414,0.859234,0.087620,0.963688,-0.252246,-0.873795,0.195945,0.445071),
	CFrame.new(-194.397614,26.834858,81.806053,0.062362,-0.462681,0.884329,0.020690,0.886462,0.462338,-0.997839,-0.010536,0.064854),
	CFrame.new(-194.495850,26.718456,81.818115,0.055053,-0.570736,0.819286,0.024144,0.821051,0.570344,-0.998191,-0.011619,0.058981),
	CFrame.new(-194.421021,27.025225,81.755341,-0.232288,-0.481951,0.844846,-0.117044,0.876144,0.467624,-0.965579,0.009739,-0.259927),
	CFrame.new(-194.421021,27.025225,81.755341,-0.232288,-0.481951,0.844846,-0.117044,0.876144,0.467624,-0.965579,0.009739,-0.259927),
	CFrame.new(-193.641220,27.085321,79.998573,-0.621767,0.325687,0.712273,-0.194030,0.817033,-0.542963,-0.758787,-0.475799,-0.444812),
	CFrame.new(-193.641220,27.085321,79.998573,-0.621767,0.325687,0.712274,-0.194030,0.817033,-0.542963,-0.758787,-0.475799,-0.444812),
	CFrame.new(-193.641220,27.085321,79.998573,-0.621767,0.325687,0.712274,-0.194030,0.817033,-0.542963,-0.758787,-0.475799,-0.444812),
	CFrame.new(-193.654602,27.129723,80.155769,-0.619882,0.313852,0.719196,-0.076984,0.887784,-0.453776,-0.780910,-0.336654,-0.526160),
	CFrame.new(-193.654602,27.129723,80.155769,-0.619882,0.313852,0.719196,-0.076984,0.887784,-0.453776,-0.780910,-0.336654,-0.526160),
	CFrame.new(-193.654602,27.129723,80.155769,-0.619882,0.313853,0.719196,-0.076983,0.887784,-0.453776,-0.780910,-0.336654,-0.526160),
	CFrame.new(-193.654602,27.129723,80.155769,-0.619882,0.313853,0.719196,-0.076983,0.887784,-0.453776,-0.780910,-0.336654,-0.526160),
	CFrame.new(-193.654602,27.129723,80.155769,-0.619882,0.313853,0.719196,-0.076983,0.887784,-0.453776,-0.780910,-0.336654,-0.526160),
	CFrame.new(-194.513199,26.677382,81.613907,0.116999,-0.600096,0.791326,-0.025139,0.794753,0.606412,-0.992814,-0.090843,0.077899),
	CFrame.new(-194.513199,26.677382,81.613907,0.116999,-0.600096,0.791326,-0.025139,0.794753,0.606412,-0.992814,-0.090843,0.077899),
	CFrame.new(-194.513199,26.677382,81.613907,0.116999,-0.600096,0.791326,-0.025139,0.794753,0.606412,-0.992814,-0.090843,0.077899),
	CFrame.new(-193.960205,27.274553,81.765961,0.084758,0.079623,0.993215,-0.000000,0.996802,-0.079911,-0.996402,0.006773,0.084487),
	CFrame.new(-193.960205,27.274553,81.765961,0.084758,0.079623,0.993215,-0.000000,0.996802,-0.079911,-0.996402,0.006773,0.084487),
	CFrame.new(-193.960205,27.274553,81.765961,0.084758,0.079623,0.993215,-0.000000,0.996802,-0.079911,-0.996402,0.006773,0.084487),
	CFrame.new(-193.960205,27.274553,81.765961,0.084758,0.079624,0.993215,-0.000000,0.996802,-0.079911,-0.996402,0.006773,0.084487),
	CFrame.new(-193.960205,27.174553,81.765961,0.084758,0.079624,0.993215,-0.000000,0.996802,-0.079911,-0.996402,0.006773,0.084487),
	CFrame.new(-193.960205,27.174553,81.765961,0.084758,0.079624,0.993215,-0.000000,0.996802,-0.079911,-0.996402,0.006773,0.084487),
	CFrame.new(-193.960205,27.174553,81.765961,0.084758,0.079624,0.993215,-0.000000,0.996802,-0.079911,-0.996402,0.006773,0.084487),
	CFrame.new(-193.960205,27.074553,81.765961,0.084758,0.079623,0.993215,-0.000000,0.996802,-0.079911,-0.996402,0.006773,0.084487),
	CFrame.new(-193.960205,27.074553,81.765961,0.084758,0.079623,0.993215,-0.000000,0.996802,-0.079911,-0.996402,0.006773,0.084487),
	CFrame.new(-193.960205,27.074553,81.765961,0.084758,0.079623,0.993215,-0.000000,0.996802,-0.079911,-0.996402,0.006773,0.084487),
	CFrame.new(-193.960205,27.074553,81.765961,0.084758,0.079623,0.993215,-0.000000,0.996802,-0.079911,-0.996402,0.006773,0.084487),
	CFrame.new(-194.435501,26.166981,81.725533,0.084758,-0.498197,0.862911,0.000000,0.866027,0.499997,-0.996402,-0.042379,0.073403),
	CFrame.new(-194.435501,26.166981,81.725533,0.084758,-0.498197,0.862911,0.000000,0.866027,0.499996,-0.996402,-0.042379,0.073403),
	CFrame.new(-194.435501,26.166981,81.725533,0.084758,-0.498197,0.862911,0.000000,0.866027,0.499996,-0.996402,-0.042379,0.073403),
	CFrame.new(-193.960205,27.274553,81.765961,0.084758,0.079624,0.993215,-0.000000,0.996802,-0.079911,-0.996402,0.006773,0.084487),
	CFrame.new(-193.960205,27.274553,81.765961,0.084758,0.079623,0.993215,-0.000000,0.996802,-0.079911,-0.996402,0.006773,0.084487),
	CFrame.new(-193.960205,27.274553,81.765961,0.084758,0.079623,0.993215,-0.000000,0.996802,-0.079911,-0.996402,0.006773,0.084487),
	CFrame.new(-193.960205,27.274553,81.765961,0.084758,0.079623,0.993215,-0.000000,0.996802,-0.079911,-0.996402,0.006773,0.084487),
	CFrame.new(-193.960205,27.174553,81.765961,0.084758,0.079623,0.993215,-0.000000,0.996802,-0.079911,-0.996402,0.006773,0.084487),
	CFrame.new(-193.960205,27.174553,81.765961,0.084758,0.079624,0.993215,-0.000000,0.996802,-0.079911,-0.996402,0.006773,0.084487),
	CFrame.new(-193.960205,27.174553,81.765961,0.084758,0.079624,0.993215,-0.000000,0.996802,-0.079911,-0.996402,0.006773,0.084487),
	CFrame.new(-193.960205,27.074553,81.765961,0.084758,0.079624,0.993215,-0.000000,0.996802,-0.079911,-0.996402,0.006773,0.084487),
	CFrame.new(-193.960205,27.074553,81.765961,0.084758,0.079624,0.993215,-0.000000,0.996802,-0.079911,-0.996402,0.006773,0.084487),
	CFrame.new(-193.960205,27.074553,81.765961,0.084758,0.079623,0.993215,-0.000000,0.996802,-0.079911,-0.996402,0.006773,0.084487),
	CFrame.new(-193.960205,27.074553,81.765961,0.084758,0.079623,0.993215,-0.000000,0.996802,-0.079911,-0.996402,0.006773,0.084487),
	CFrame.new(-194.435501,26.166981,81.725533,0.084758,-0.498197,0.862911,0.000000,0.866027,0.499997,-0.996402,-0.042379,0.073403),
	CFrame.new(-194.435501,26.166981,81.725533,0.084758,-0.498197,0.862911,0.000000,0.866027,0.499997,-0.996402,-0.042379,0.073403),
	CFrame.new(-194.435501,26.166981,81.725533,0.084758,-0.498197,0.862911,0.000000,0.866027,0.499997,-0.996402,-0.042379,0.073403),
	CFrame.new(-193.944336,27.085321,83.561836,0.740998,0.240642,0.626908,0.194029,0.817033,-0.542963,-0.642864,0.523973,0.558728),
	CFrame.new(-193.944336,27.085321,83.561836,0.740998,0.240642,0.626908,0.194029,0.817033,-0.542963,-0.642864,0.523973,0.558728),
	CFrame.new(-193.944336,27.085321,83.561836,0.740998,0.240642,0.626908,0.194029,0.817033,-0.542963,-0.642864,0.523973,0.558728),
	CFrame.new(-193.944336,27.085321,83.561836,0.740998,0.240642,0.626908,0.194029,0.817033,-0.542963,-0.642864,0.523973,0.558728),
	CFrame.new(-193.930954,27.129723,83.404640,0.742876,0.252480,0.619991,0.076983,0.887784,-0.453776,-0.664988,0.384828,0.640077),
	CFrame.new(-193.930954,27.129723,83.404640,0.742876,0.252480,0.619991,0.076983,0.887784,-0.453776,-0.664988,0.384828,0.640077),
	CFrame.new(-193.930954,27.129723,83.404640,0.742876,0.252480,0.619991,0.076983,0.887784,-0.453776,-0.664988,0.384828,0.640077),
	CFrame.new(-194.530945,26.677382,81.822426,0.052375,-0.606818,0.793114,0.025140,0.794753,0.606412,-0.998311,-0.011822,0.056880),
	CFrame.new(-194.530945,26.677382,81.822426,0.052375,-0.606818,0.793114,0.025140,0.794753,0.606412,-0.998311,-0.011822,0.056880),
	CFrame.new(-194.530945,26.677382,81.822426,0.052375,-0.606818,0.793114,0.025140,0.794753,0.606412,-0.998311,-0.011822,0.056880),
	CFrame.new(-194.530945,26.677382,81.822426,0.052375,-0.606818,0.793113,0.025140,0.794753,0.606412,-0.998311,-0.011822,0.056880),
	CFrame.new(-194.421021,27.025225,81.755341,-0.232288,-0.481951,0.844846,-0.117044,0.876144,0.467624,-0.965579,0.009739,-0.259927),
	CFrame.new(-194.421021,27.025225,81.755341,-0.232288,-0.481951,0.844846,-0.117044,0.876144,0.467624,-0.965579,0.009739,-0.259927),
	CFrame.new(-194.421021,27.025225,81.755341,-0.232288,-0.481951,0.844846,-0.117044,0.876144,0.467624,-0.965579,0.009739,-0.259927),
	CFrame.new(-193.641220,27.085321,79.998573,-0.621767,0.325687,0.712273,-0.194030,0.817033,-0.542963,-0.758787,-0.475799,-0.444812),
	CFrame.new(-193.641220,27.085321,79.998573,-0.621767,0.325687,0.712273,-0.194030,0.817033,-0.542963,-0.758787,-0.475799,-0.444812),
	CFrame.new(-193.641220,27.085321,79.998573,-0.621767,0.325687,0.712274,-0.194030,0.817033,-0.542963,-0.758787,-0.475799,-0.444812),
	CFrame.new(-193.654602,27.129723,80.155769,-0.619882,0.313852,0.719196,-0.076984,0.887784,-0.453776,-0.780910,-0.336654,-0.526160),
	CFrame.new(-193.654602,27.129723,80.155769,-0.619882,0.313852,0.719196,-0.076984,0.887784,-0.453776,-0.780910,-0.336654,-0.526160),
	CFrame.new(-193.654602,27.129723,80.155769,-0.619882,0.313852,0.719196,-0.076984,0.887784,-0.453776,-0.780910,-0.336654,-0.526160),
	CFrame.new(-194.513199,26.677382,81.613907,0.116999,-0.600096,0.791326,-0.025139,0.794753,0.606412,-0.992814,-0.090843,0.077899),
	CFrame.new(-194.513199,26.677382,81.613907,0.116999,-0.600096,0.791326,-0.025139,0.794753,0.606412,-0.992814,-0.090843,0.077899),
	CFrame.new(-194.513199,26.677382,81.613907,0.116999,-0.600096,0.791326,-0.025139,0.794753,0.606412,-0.992814,-0.090843,0.077899),
	CFrame.new(-193.960205,27.274553,81.765961,0.084758,0.079623,0.993215,-0.000000,0.996802,-0.079911,-0.996402,0.006773,0.084487),
	CFrame.new(-193.960205,27.274553,81.765961,0.084758,0.079623,0.993215,-0.000000,0.996802,-0.079911,-0.996402,0.006773,0.084487),
	CFrame.new(-193.960205,27.274553,81.765961,0.084758,0.079623,0.993215,-0.000000,0.996802,-0.079911,-0.996402,0.006773,0.084487),
	CFrame.new(-193.960205,27.174553,81.765961,0.084758,0.079623,0.993215,-0.000000,0.996802,-0.079911,-0.996402,0.006773,0.084487),
	CFrame.new(-193.960205,27.174553,81.765961,0.084758,0.079624,0.993215,-0.000000,0.996802,-0.079911,-0.996402,0.006773,0.084487),
	CFrame.new(-193.960205,27.074553,81.765961,0.084758,0.079624,0.993215,-0.000000,0.996802,-0.079911,-0.996402,0.006773,0.084487),
	CFrame.new(-193.960205,27.074553,81.765961,0.084758,0.079623,0.993215,-0.000000,0.996802,-0.079911,-0.996402,0.006773,0.084487),
	CFrame.new(-193.960205,27.074553,81.765961,0.084758,0.079623,0.993215,-0.000000,0.996802,-0.079911,-0.996402,0.006773,0.084487),
	CFrame.new(-194.435501,26.166981,81.725533,0.084758,-0.498197,0.862911,0.000000,0.866027,0.499997,-0.996402,-0.042379,0.073403),
	CFrame.new(-194.435501,26.166981,81.725533,0.084758,-0.498197,0.862911,0.000000,0.866027,0.499997,-0.996402,-0.042379,0.073403),
	CFrame.new(-194.435501,26.166981,81.725533,0.084758,-0.498197,0.862911,0.000000,0.866027,0.499997,-0.996402,-0.042379,0.073403),
	CFrame.new(-193.960205,27.274553,81.765961,0.084758,0.079624,0.993215,-0.000000,0.996802,-0.079911,-0.996402,0.006773,0.084487),
	CFrame.new(-193.960205,27.274553,81.765961,0.084758,0.079624,0.993215,-0.000000,0.996802,-0.079911,-0.996402,0.006773,0.084487),
	CFrame.new(-193.960205,27.274553,81.765961,0.084758,0.079624,0.993215,-0.000000,0.996802,-0.079911,-0.996402,0.006773,0.084487),
	CFrame.new(-193.960205,27.174553,81.765961,0.084758,0.079623,0.993215,-0.000000,0.996802,-0.079911,-0.996402,0.006773,0.084487),
	CFrame.new(-193.960205,27.174553,81.765961,0.084758,0.079623,0.993215,-0.000000,0.996802,-0.079911,-0.996402,0.006773,0.084487),
	CFrame.new(-193.960205,27.174553,81.765961,0.084758,0.079623,0.993215,-0.000000,0.996802,-0.079911,-0.996402,0.006773,0.084487),
	CFrame.new(-193.960205,27.174553,81.765961,0.084758,0.079623,0.993215,-0.000000,0.996802,-0.079911,-0.996402,0.006773,0.084487),
	CFrame.new(-193.960205,27.074553,81.765961,0.084758,0.079624,0.993215,-0.000000,0.996802,-0.079911,-0.996402,0.006773,0.084487),
	CFrame.new(-193.960205,27.074553,81.765961,0.084758,0.079624,0.993215,-0.000000,0.996802,-0.079911,-0.996402,0.006773,0.084487),
	CFrame.new(-193.960205,27.074553,81.765961,0.084758,0.079624,0.993215,-0.000000,0.996802,-0.079911,-0.996402,0.006773,0.084487),
	CFrame.new(-194.435501,26.166981,81.725533,0.084758,-0.498197,0.862911,0.000000,0.866027,0.499997,-0.996402,-0.042379,0.073403),
	CFrame.new(-194.435501,26.166981,81.725533,0.084758,-0.498197,0.862911,0.000000,0.866027,0.499997,-0.996402,-0.042379,0.073403),
	CFrame.new(-194.435501,26.166981,81.725533,0.084758,-0.498197,0.862911,0.000000,0.866027,0.499997,-0.996402,-0.042379,0.073403),
	CFrame.new(-193.944336,27.085321,83.561836,0.740998,0.240642,0.626908,0.194029,0.817033,-0.542963,-0.642864,0.523973,0.558728),
	CFrame.new(-193.944336,27.085321,83.561836,0.740998,0.240642,0.626908,0.194029,0.817033,-0.542963,-0.642864,0.523973,0.558728),
	CFrame.new(-193.944336,27.085321,83.561836,0.740998,0.240642,0.626908,0.194029,0.817033,-0.542963,-0.642864,0.523973,0.558728),
	CFrame.new(-193.944336,27.085321,83.561836,0.740998,0.240642,0.626908,0.194029,0.817033,-0.542963,-0.642864,0.523973,0.558728),
	CFrame.new(-193.930954,27.129723,83.404640,0.742876,0.252480,0.619991,0.076983,0.887784,-0.453776,-0.664988,0.384828,0.640077),
	CFrame.new(-193.930954,27.129723,83.404640,0.742876,0.252480,0.619991,0.076983,0.887784,-0.453776,-0.664988,0.384828,0.640077),
	CFrame.new(-193.930954,27.129723,83.404640,0.742876,0.252480,0.619991,0.076983,0.887784,-0.453776,-0.664988,0.384828,0.640077),
	CFrame.new(-194.530945,26.677382,81.822426,0.052375,-0.606818,0.793113,0.025140,0.794753,0.606412,-0.998311,-0.011822,0.056880),
	CFrame.new(-194.530945,26.677382,81.822426,0.052375,-0.606818,0.793113,0.025140,0.794753,0.606412,-0.998311,-0.011822,0.056880),
	CFrame.new(-194.530945,26.677382,81.822426,0.052375,-0.606818,0.793114,0.025140,0.794753,0.606412,-0.998311,-0.011822,0.056880),
	CFrame.new(-194.530945,26.677382,81.822426,0.052375,-0.606818,0.793114,0.025140,0.794753,0.606412,-0.998311,-0.011822,0.056880),
	CFrame.new(-194.421021,27.025225,81.755341,-0.232288,-0.481951,0.844846,-0.117044,0.876144,0.467624,-0.965579,0.009739,-0.259927),
	CFrame.new(-194.421021,27.025225,81.755341,-0.232288,-0.481951,0.844846,-0.117044,0.876144,0.467624,-0.965579,0.009739,-0.259927),
	CFrame.new(-194.421021,27.025225,81.755341,-0.232288,-0.481951,0.844846,-0.117044,0.876144,0.467624,-0.965579,0.009739,-0.259927),
	CFrame.new(-194.421021,27.025225,81.755341,-0.232288,-0.481951,0.844846,-0.117044,0.876144,0.467624,-0.965579,0.009739,-0.259927),
	CFrame.new(-193.641220,27.085321,79.998573,-0.621767,0.325687,0.712274,-0.194030,0.817033,-0.542963,-0.758787,-0.475799,-0.444812),
	CFrame.new(-193.641220,27.085321,79.998573,-0.621767,0.325687,0.712274,-0.194030,0.817033,-0.542963,-0.758787,-0.475799,-0.444812),
	CFrame.new(-193.641220,27.085321,79.998573,-0.621767,0.325687,0.712274,-0.194030,0.817033,-0.542963,-0.758787,-0.475799,-0.444812),
	CFrame.new(-193.641220,27.085321,79.998573,-0.621767,0.325687,0.712274,-0.194030,0.817033,-0.542963,-0.758787,-0.475799,-0.444812),
	CFrame.new(-193.654602,27.129723,80.155769,-0.619882,0.313853,0.719196,-0.076983,0.887784,-0.453776,-0.780910,-0.336654,-0.526160),
	CFrame.new(-193.654602,27.129723,80.155769,-0.619882,0.313853,0.719196,-0.076983,0.887784,-0.453776,-0.780910,-0.336654,-0.526160),
	CFrame.new(-193.654602,27.129723,80.155769,-0.619882,0.313853,0.719196,-0.076983,0.887784,-0.453776,-0.780910,-0.336654,-0.526160),
	CFrame.new(-193.654602,27.129723,80.155769,-0.619882,0.313853,0.719196,-0.076983,0.887784,-0.453776,-0.780910,-0.336654,-0.526160),
	CFrame.new(-194.513199,26.677382,81.613907,0.116999,-0.600096,0.791326,-0.025139,0.794753,0.606412,-0.992814,-0.090843,0.077899),
	CFrame.new(-194.513199,26.677382,81.613907,0.116999,-0.600096,0.791325,-0.025139,0.794753,0.606412,-0.992814,-0.090843,0.077899),
	CFrame.new(-194.513199,26.677382,81.613907,0.116999,-0.600096,0.791326,-0.025139,0.794753,0.606412,-0.992814,-0.090843,0.077899),
	CFrame.new(-193.960205,27.274553,81.765961,0.084758,0.079624,0.993215,-0.000000,0.996802,-0.079911,-0.996402,0.006773,0.084487),
	CFrame.new(-193.960205,27.274553,81.765961,0.084758,0.079624,0.993215,-0.000000,0.996802,-0.079911,-0.996402,0.006773,0.084487),
	CFrame.new(-193.960205,27.274553,81.765961,0.084758,0.079624,0.993215,-0.000000,0.996802,-0.079911,-0.996402,0.006773,0.084487),
	CFrame.new(-193.960205,27.274553,81.765961,0.084758,0.079623,0.993215,-0.000000,0.996802,-0.079911,-0.996402,0.006773,0.084487),
	CFrame.new(-193.960205,27.174553,81.765961,0.084758,0.079623,0.993215,-0.000000,0.996802,-0.079911,-0.996402,0.006773,0.084487),
	CFrame.new(-193.960205,27.074553,81.765961,0.084758,0.079623,0.993215,-0.000000,0.996802,-0.079911,-0.996402,0.006773,0.084487),
	CFrame.new(-193.960205,27.074553,81.765961,0.084758,0.079623,0.993215,-0.000000,0.996802,-0.079911,-0.996402,0.006773,0.084487),
	CFrame.new(-193.960205,27.074553,81.765961,0.084758,0.079624,0.993215,-0.000000,0.996802,-0.079911,-0.996402,0.006773,0.084487),
	CFrame.new(-193.960205,27.074553,81.765961,0.084758,0.079624,0.993215,-0.000000,0.996802,-0.079911,-0.996402,0.006773,0.084487),
	CFrame.new(-194.435501,26.166981,81.725533,0.084758,-0.498197,0.862911,0.000000,0.866027,0.499996,-0.996402,-0.042379,0.073403),
	CFrame.new(-194.435501,26.166981,81.725533,0.084758,-0.498197,0.862911,0.000000,0.866027,0.499996,-0.996402,-0.042379,0.073403),
	CFrame.new(-194.435501,26.166981,81.725533,0.084758,-0.498197,0.862911,0.000000,0.866027,0.499997,-0.996402,-0.042379,0.073403),
	CFrame.new(-194.435501,26.166981,81.725533,0.084758,-0.498197,0.862911,0.000000,0.866027,0.499997,-0.996402,-0.042379,0.073403),
	CFrame.new(-194.435501,26.166981,81.725533,0.084758,-0.498197,0.862911,0.000000,0.866027,0.499997,-0.996402,-0.042379,0.073403),
	CFrame.new(-193.960205,27.274553,81.765961,0.084758,0.079623,0.993215,-0.000000,0.996802,-0.079911,-0.996402,0.006773,0.084487),
	CFrame.new(-193.960205,27.274553,81.765961,0.084758,0.079623,0.993215,-0.000000,0.996802,-0.079911,-0.996402,0.006773,0.084487),
	CFrame.new(-193.960205,27.274553,81.765961,0.084758,0.079624,0.993215,-0.000000,0.996802,-0.079911,-0.996402,0.006773,0.084487),
	CFrame.new(-193.960205,27.274553,81.765961,0.084758,0.079624,0.993215,-0.000000,0.996802,-0.079911,-0.996402,0.006773,0.084487),
	CFrame.new(-193.960205,27.174553,81.765961,0.084758,0.079624,0.993215,-0.000000,0.996802,-0.079911,-0.996402,0.006773,0.084487),
	CFrame.new(-193.960205,27.174553,81.765961,0.084758,0.079624,0.993215,-0.000000,0.996802,-0.079911,-0.996402,0.006773,0.084487),
	CFrame.new(-193.960205,27.174553,81.765961,0.084758,0.079624,0.993215,-0.000000,0.996802,-0.079911,-0.996402,0.006773,0.084487),
	CFrame.new(-193.960205,27.174553,81.765961,0.084758,0.079623,0.993215,-0.000000,0.996802,-0.079911,-0.996402,0.006773,0.084487),
	CFrame.new(-193.960205,27.074553,81.765961,0.084758,0.079623,0.993215,-0.000000,0.996802,-0.079911,-0.996402,0.006773,0.084487),
	CFrame.new(-193.960205,27.074553,81.765961,0.084758,0.079623,0.993215,-0.000000,0.996802,-0.079911,-0.996402,0.006773,0.084487),
	CFrame.new(-193.960205,27.074553,81.765961,0.084758,0.079623,0.993215,-0.000000,0.996802,-0.079911,-0.996402,0.006773,0.084487),
	CFrame.new(-193.960205,27.074553,81.765961,0.084758,0.079623,0.993215,-0.000000,0.996802,-0.079911,-0.996402,0.006773,0.084487),
	CFrame.new(-193.960205,27.074553,81.765961,0.084758,0.079624,0.993215,-0.000000,0.996802,-0.079911,-0.996402,0.006773,0.084487),
	CFrame.new(-194.435501,26.166981,81.725533,0.084758,-0.498197,0.862911,0.000000,0.866027,0.499996,-0.996402,-0.042379,0.073403),
	CFrame.new(-194.435501,26.166981,81.725533,0.084758,-0.498197,0.862911,0.000000,0.866027,0.499996,-0.996402,-0.042379,0.073403),
	CFrame.new(-194.435501,26.166981,81.725533,0.084758,-0.498197,0.862911,0.000000,0.866027,0.499996,-0.996402,-0.042379,0.073403),
	CFrame.new(-194.435501,26.166981,81.725533,0.084758,-0.498197,0.862911,0.000000,0.866027,0.499997,-0.996402,-0.042379,0.073403),
	CFrame.new(-193.944336,27.085321,83.561836,0.740998,0.240642,0.626908,0.194029,0.817033,-0.542963,-0.642864,0.523973,0.558728),
	CFrame.new(-193.944336,27.085321,83.561836,0.740998,0.240642,0.626908,0.194029,0.817033,-0.542963,-0.642864,0.523973,0.558728),
	CFrame.new(-193.944336,27.085321,83.561836,0.740998,0.240642,0.626908,0.194029,0.817033,-0.542963,-0.642864,0.523973,0.558728),
	CFrame.new(-193.944336,27.085321,83.561836,0.740998,0.240642,0.626908,0.194029,0.817033,-0.542963,-0.642864,0.523973,0.558728),
	CFrame.new(-193.930954,27.129723,83.404640,0.742876,0.252480,0.619991,0.076983,0.887784,-0.453776,-0.664988,0.384828,0.640077),
	CFrame.new(-193.930954,27.129723,83.404640,0.742876,0.252480,0.619991,0.076983,0.887784,-0.453776,-0.664988,0.384828,0.640077),
	CFrame.new(-193.930954,27.129723,83.404640,0.742876,0.252480,0.619991,0.076983,0.887784,-0.453776,-0.664988,0.384828,0.640077),
	CFrame.new(-193.930954,27.129723,83.404640,0.742876,0.252480,0.619991,0.076983,0.887784,-0.453776,-0.664988,0.384828,0.640077),
	CFrame.new(-194.530945,26.677382,81.822426,0.052375,-0.606818,0.793113,0.025140,0.794753,0.606412,-0.998311,-0.011822,0.056880),
	CFrame.new(-194.530945,26.677382,81.822426,0.052375,-0.606818,0.793113,0.025140,0.794753,0.606412,-0.998311,-0.011822,0.056880),
	CFrame.new(-194.530945,26.677382,81.822426,0.052375,-0.606818,0.793113,0.025140,0.794753,0.606412,-0.998311,-0.011822,0.056880),
	CFrame.new(-194.421021,27.025225,81.755341,-0.232288,-0.481951,0.844846,-0.117044,0.876144,0.467624,-0.965579,0.009739,-0.259927),
	CFrame.new(-194.421021,27.025225,81.755341,-0.232288,-0.481951,0.844846,-0.117044,0.876144,0.467624,-0.965579,0.009739,-0.259927),
	CFrame.new(-193.641220,27.085321,79.998573,-0.621767,0.325687,0.712273,-0.194030,0.817033,-0.542963,-0.758787,-0.475799,-0.444812),
	CFrame.new(-193.641220,27.085321,79.998573,-0.621767,0.325687,0.712274,-0.194030,0.817033,-0.542963,-0.758787,-0.475799,-0.444812),
	CFrame.new(-193.641220,27.085321,79.998573,-0.621767,0.325687,0.712274,-0.194030,0.817033,-0.542963,-0.758787,-0.475799,-0.444812),
	CFrame.new(-193.654602,27.129723,80.155769,-0.619882,0.313852,0.719196,-0.076984,0.887784,-0.453776,-0.780910,-0.336654,-0.526160),
	CFrame.new(-193.654602,27.129723,80.155769,-0.619882,0.313853,0.719196,-0.076983,0.887784,-0.453776,-0.780910,-0.336654,-0.526160),
	CFrame.new(-193.654602,27.129723,80.155769,-0.619882,0.313853,0.719196,-0.076983,0.887784,-0.453776,-0.780910,-0.336654,-0.526160),
	CFrame.new(-193.654602,27.129723,80.155769,-0.619882,0.313853,0.719196,-0.076983,0.887784,-0.453776,-0.780910,-0.336654,-0.526160),
	CFrame.new(-194.513199,26.677382,81.613907,0.116999,-0.600096,0.791326,-0.025139,0.794753,0.606412,-0.992814,-0.090843,0.077899),
	CFrame.new(-194.513199,26.677382,81.613907,0.116999,-0.600096,0.791326,-0.025139,0.794753,0.606412,-0.992814,-0.090843,0.077899),
	CFrame.new(-194.513199,26.677382,81.613907,0.116999,-0.600096,0.791326,-0.025139,0.794753,0.606412,-0.992814,-0.090843,0.077899),
	CFrame.new(-193.960205,27.274553,81.765961,0.084758,0.079623,0.993215,-0.000000,0.996802,-0.079911,-0.996402,0.006773,0.084487),
	CFrame.new(-193.960205,27.274553,81.765961,0.084758,0.079623,0.993215,-0.000000,0.996802,-0.079911,-0.996402,0.006773,0.084487),
	CFrame.new(-193.960205,27.274553,81.765961,0.084758,0.079623,0.993215,-0.000000,0.996802,-0.079911,-0.996402,0.006773,0.084487),
	CFrame.new(-193.960205,27.274553,81.765961,0.084758,0.079624,0.993215,-0.000000,0.996802,-0.079911,-0.996402,0.006773,0.084487),
	CFrame.new(-193.960205,27.174553,81.765961,0.084758,0.079624,0.993215,-0.000000,0.996802,-0.079911,-0.996402,0.006773,0.084487),
	CFrame.new(-193.960205,27.174553,81.765961,0.084758,0.079624,0.993215,-0.000000,0.996802,-0.079911,-0.996402,0.006773,0.084487),
	CFrame.new(-193.960205,27.074553,81.765961,0.084758,0.079623,0.993215,-0.000000,0.996802,-0.079911,-0.996402,0.006773,0.084487),
	CFrame.new(-193.960205,27.074553,81.765961,0.084758,0.079623,0.993215,-0.000000,0.996802,-0.079911,-0.996402,0.006773,0.084487),
	CFrame.new(-193.960205,27.074553,81.765961,0.084758,0.079623,0.993215,-0.000000,0.996802,-0.079911,-0.996402,0.006773,0.084487),
	CFrame.new(-193.960205,27.074553,81.765961,0.084758,0.079623,0.993215,-0.000000,0.996802,-0.079911,-0.996402,0.006773,0.084487),
	CFrame.new(-194.435501,26.166981,81.725533,0.084758,-0.498197,0.862911,0.000000,0.866027,0.499997,-0.996402,-0.042379,0.073403),
	CFrame.new(-194.435501,26.166981,81.725533,0.084758,-0.498197,0.862911,0.000000,0.866027,0.499996,-0.996402,-0.042379,0.073403),
	CFrame.new(-194.435501,26.166981,81.725533,0.084758,-0.498197,0.862911,0.000000,0.866027,0.499996,-0.996402,-0.042379,0.073403),
	CFrame.new(-193.960205,27.274553,81.765961,0.084758,0.079624,0.993215,-0.000000,0.996802,-0.079911,-0.996402,0.006773,0.084487),
	CFrame.new(-193.960205,27.274553,81.765961,0.084758,0.079623,0.993215,-0.000000,0.996802,-0.079911,-0.996402,0.006773,0.084487),
	CFrame.new(-193.960205,27.274553,81.765961,0.084758,0.079623,0.993215,-0.000000,0.996802,-0.079911,-0.996402,0.006773,0.084487),
	CFrame.new(-193.960205,27.274553,81.765961,0.084758,0.079623,0.993215,-0.000000,0.996802,-0.079911,-0.996402,0.006773,0.084487),
	CFrame.new(-193.960205,27.174553,81.765961,0.084758,0.079623,0.993215,-0.000000,0.996802,-0.079911,-0.996402,0.006773,0.084487),
	CFrame.new(-193.960205,27.174553,81.765961,0.084758,0.079624,0.993215,-0.000000,0.996802,-0.079911,-0.996402,0.006773,0.084487),
	CFrame.new(-193.960205,27.174553,81.765961,0.084758,0.079624,0.993215,-0.000000,0.996802,-0.079911,-0.996402,0.006773,0.084487),
	CFrame.new(-193.960205,27.074553,81.765961,0.084758,0.079624,0.993215,-0.000000,0.996802,-0.079911,-0.996402,0.006773,0.084487),
	CFrame.new(-193.960205,27.074553,81.765961,0.084758,0.079623,0.993215,-0.000000,0.996802,-0.079911,-0.996402,0.006773,0.084487),
	CFrame.new(-193.960205,27.074553,81.765961,0.084758,0.079623,0.993215,-0.000000,0.996802,-0.079911,-0.996402,0.006773,0.084487),
	CFrame.new(-194.435501,26.166981,81.725533,0.084758,-0.498197,0.862911,0.000000,0.866027,0.499997,-0.996402,-0.042379,0.073403),
	CFrame.new(-194.435501,26.166981,81.725533,0.084758,-0.498197,0.862911,0.000000,0.866027,0.499997,-0.996402,-0.042379,0.073403),
	CFrame.new(-194.435501,26.166981,81.725533,0.084758,-0.498197,0.862911,0.000000,0.866027,0.499997,-0.996402,-0.042379,0.073403),
	CFrame.new(-194.435501,26.166981,81.725533,0.084758,-0.498197,0.862911,0.000000,0.866027,0.499996,-0.996402,-0.042379,0.073403),
	CFrame.new(-193.944336,27.085321,83.561836,0.740998,0.240642,0.626908,0.194029,0.817033,-0.542963,-0.642864,0.523973,0.558728),
	CFrame.new(-193.944336,27.085321,83.561836,0.740998,0.240642,0.626908,0.194029,0.817033,-0.542963,-0.642864,0.523973,0.558728),
	CFrame.new(-193.944336,27.085321,83.561836,0.740998,0.240642,0.626908,0.194029,0.817033,-0.542963,-0.642864,0.523973,0.558728),
	CFrame.new(-193.930954,27.129723,83.404640,0.742876,0.252480,0.619991,0.076983,0.887784,-0.453776,-0.664988,0.384828,0.640077),
	CFrame.new(-193.930954,27.129723,83.404640,0.742876,0.252480,0.619991,0.076983,0.887784,-0.453776,-0.664988,0.384828,0.640077),
	CFrame.new(-193.930954,27.129723,83.404640,0.742876,0.252480,0.619991,0.076983,0.887784,-0.453776,-0.664988,0.384828,0.640077),
	CFrame.new(-194.530945,26.677382,81.822426,0.052375,-0.606818,0.793114,0.025140,0.794753,0.606412,-0.998311,-0.011822,0.056880),
	CFrame.new(-194.530945,26.677382,81.822426,0.052375,-0.606818,0.793114,0.025140,0.794753,0.606412,-0.998311,-0.011822,0.056880),
	CFrame.new(-194.530945,26.677382,81.822426,0.052375,-0.606818,0.793114,0.025140,0.794753,0.606412,-0.998311,-0.011822,0.056880),
	CFrame.new(-194.530945,26.677382,81.822426,0.052375,-0.606818,0.793113,0.025140,0.794753,0.606412,-0.998311,-0.011822,0.056880),
	CFrame.new(-194.421021,27.025225,81.755341,-0.232288,-0.481951,0.844846,-0.117044,0.876144,0.467624,-0.965579,0.009739,-0.259927),
	CFrame.new(-194.421021,27.025225,81.755341,-0.232288,-0.481951,0.844846,-0.117044,0.876144,0.467624,-0.965579,0.009739,-0.259927),
	CFrame.new(-194.421021,27.025225,81.755341,-0.232288,-0.481951,0.844846,-0.117044,0.876144,0.467624,-0.965579,0.009739,-0.259927),
	CFrame.new(-193.641220,27.085321,79.998573,-0.621767,0.325687,0.712274,-0.194030,0.817033,-0.542963,-0.758787,-0.475799,-0.444812),
	CFrame.new(-193.641220,27.085321,79.998573,-0.621767,0.325687,0.712273,-0.194030,0.817033,-0.542963,-0.758787,-0.475799,-0.444812),
	CFrame.new(-193.641220,27.085321,79.998573,-0.621767,0.325687,0.712273,-0.194030,0.817033,-0.542963,-0.758787,-0.475799,-0.444812),
	CFrame.new(-193.641220,27.085321,79.998573,-0.621767,0.325687,0.712274,-0.194030,0.817033,-0.542963,-0.758787,-0.475799,-0.444812),
	CFrame.new(-193.654602,27.129723,80.155769,-0.619882,0.313852,0.719196,-0.076984,0.887784,-0.453776,-0.780910,-0.336654,-0.526160),
	CFrame.new(-193.654602,27.129723,80.155769,-0.619882,0.313852,0.719196,-0.076984,0.887784,-0.453776,-0.780910,-0.336654,-0.526160),
	CFrame.new(-193.654602,27.129723,80.155769,-0.619882,0.313852,0.719196,-0.076984,0.887784,-0.453776,-0.780910,-0.336654,-0.526160),
	CFrame.new(-194.513199,26.677382,81.613907,0.116999,-0.600096,0.791326,-0.025139,0.794753,0.606412,-0.992814,-0.090843,0.077899),
	CFrame.new(-194.513199,26.677382,81.613907,0.116999,-0.600096,0.791326,-0.025139,0.794753,0.606412,-0.992814,-0.090843,0.077899),
	CFrame.new(-194.513199,26.677382,81.613907,0.116999,-0.600096,0.791326,-0.025139,0.794753,0.606412,-0.992814,-0.090843,0.077899),
	CFrame.new(-194.513199,26.677382,81.613907,0.116999,-0.600096,0.791326,-0.025139,0.794753,0.606412,-0.992814,-0.090843,0.077899),
	CFrame.new(-193.960205,27.274553,81.765961,0.084758,0.079623,0.993215,-0.000000,0.996802,-0.079911,-0.996402,0.006773,0.084487),
	CFrame.new(-193.960205,27.274553,81.765961,0.084758,0.079623,0.993215,-0.000000,0.996802,-0.079911,-0.996402,0.006773,0.084487),
	CFrame.new(-193.960205,27.274553,81.765961,0.084758,0.079623,0.993215,-0.000000,0.996802,-0.079911,-0.996402,0.006773,0.084487),
	CFrame.new(-193.960205,27.174553,81.765961,0.084758,0.079623,0.993215,-0.000000,0.996802,-0.079911,-0.996402,0.006773,0.084487),
	CFrame.new(-193.960205,27.174553,81.765961,0.084758,0.079624,0.993215,-0.000000,0.996802,-0.079911,-0.996402,0.006773,0.084487),
	CFrame.new(-193.960205,27.074553,81.765961,0.084758,0.079624,0.993215,-0.000000,0.996802,-0.079911,-0.996402,0.006773,0.084487),
	CFrame.new(-193.960205,27.074553,81.765961,0.084758,0.079624,0.993215,-0.000000,0.996802,-0.079911,-0.996402,0.006773,0.084487),
	CFrame.new(-193.960205,27.074553,81.765961,0.084758,0.079624,0.993215,-0.000000,0.996802,-0.079911,-0.996402,0.006773,0.084487),
	CFrame.new(-194.435501,26.166981,81.725533,0.084758,-0.498197,0.862911,0.000000,0.866027,0.499997,-0.996402,-0.042379,0.073403),
	CFrame.new(-194.435501,26.166981,81.725533,0.084758,-0.498197,0.862911,0.000000,0.866027,0.499997,-0.996402,-0.042379,0.073403),
	CFrame.new(-194.435501,26.166981,81.725533,0.084758,-0.498197,0.862911,0.000000,0.866027,0.499997,-0.996402,-0.042379,0.073403),
	CFrame.new(-194.435501,26.166981,81.725533,0.084758,-0.498197,0.862911,0.000000,0.866027,0.499997,-0.996402,-0.042379,0.073403),
	CFrame.new(-193.960205,27.274553,81.765961,0.084758,0.079624,0.993215,-0.000000,0.996802,-0.079911,-0.996402,0.006773,0.084487),
	CFrame.new(-193.960205,27.274553,81.765961,0.084758,0.079624,0.993215,-0.000000,0.996802,-0.079911,-0.996402,0.006773,0.084487),
	CFrame.new(-193.960205,27.274553,81.765961,0.084758,0.079624,0.993215,-0.000000,0.996802,-0.079911,-0.996402,0.006773,0.084487),
	CFrame.new(-193.960205,27.174553,81.765961,0.084758,0.079624,0.993215,-0.000000,0.996802,-0.079911,-0.996402,0.006773,0.084487),
	CFrame.new(-193.960205,27.174553,81.765961,0.084758,0.079623,0.993215,-0.000000,0.996802,-0.079911,-0.996402,0.006773,0.084487),
	CFrame.new(-193.960205,27.174553,81.765961,0.084758,0.079623,0.993215,-0.000000,0.996802,-0.079911,-0.996402,0.006773,0.084487),
	CFrame.new(-193.960205,27.174553,81.765961,0.084758,0.079623,0.993215,-0.000000,0.996802,-0.079911,-0.996402,0.006773,0.084487),
	CFrame.new(-193.960205,27.074553,81.765961,0.084758,0.079623,0.993215,-0.000000,0.996802,-0.079911,-0.996402,0.006773,0.084487),
	CFrame.new(-193.960205,27.074553,81.765961,0.084758,0.079623,0.993215,-0.000000,0.996802,-0.079911,-0.996402,0.006773,0.084487),
	CFrame.new(-193.960205,27.074553,81.765961,0.084758,0.079624,0.993215,-0.000000,0.996802,-0.079911,-0.996402,0.006773,0.084487),
	CFrame.new(-194.435501,26.166981,81.725533,0.084758,-0.498197,0.862911,0.000000,0.866027,0.499996,-0.996402,-0.042379,0.073403),
	CFrame.new(-194.435501,26.166981,81.725533,0.084758,-0.498197,0.862911,0.000000,0.866027,0.499996,-0.996402,-0.042379,0.073403),
	CFrame.new(-194.435501,26.166981,81.725533,0.084758,-0.498197,0.862911,0.000000,0.866027,0.499997,-0.996402,-0.042379,0.073403),
	CFrame.new(-194.435501,26.166981,81.725533,0.084758,-0.498197,0.862911,0.000000,0.866027,0.499997,-0.996402,-0.042379,0.073403),
	CFrame.new(-193.944336,27.085321,83.561836,0.740998,0.240642,0.626908,0.194029,0.817033,-0.542963,-0.642864,0.523973,0.558728),
	CFrame.new(-193.944336,27.085321,83.561836,0.740998,0.240642,0.626908,0.194029,0.817033,-0.542963,-0.642864,0.523973,0.558728),
	CFrame.new(-193.944336,27.085321,83.561836,0.740998,0.240642,0.626908,0.194029,0.817033,-0.542963,-0.642864,0.523973,0.558728),
	CFrame.new(-193.930954,27.129723,83.404640,0.742876,0.252480,0.619991,0.076983,0.887784,-0.453776,-0.664988,0.384828,0.640077),
	CFrame.new(-193.930954,27.129723,83.404640,0.742876,0.252480,0.619991,0.076983,0.887784,-0.453776,-0.664988,0.384828,0.640077),
	CFrame.new(-193.930954,27.129723,83.404640,0.742876,0.252480,0.619991,0.076983,0.887784,-0.453776,-0.664988,0.384828,0.640077),
	CFrame.new(-194.530945,26.677382,81.822426,0.052375,-0.606818,0.793113,0.025140,0.794753,0.606412,-0.998311,-0.011822,0.056880),
	CFrame.new(-194.530945,26.677382,81.822426,0.052375,-0.606818,0.793113,0.025140,0.794753,0.606412,-0.998311,-0.011822,0.056880),
	CFrame.new(-194.530945,26.677382,81.822426,0.052375,-0.606818,0.793113,0.025140,0.794753,0.606412,-0.998311,-0.011822,0.056880),
	CFrame.new(-194.530945,26.677382,81.822426,0.052375,-0.606818,0.793114,0.025140,0.794753,0.606412,-0.998311,-0.011822,0.056880),
	CFrame.new(-194.421021,27.025225,81.755341,-0.232288,-0.481951,0.844846,-0.117044,0.876144,0.467624,-0.965579,0.009739,-0.259927),
	CFrame.new(-194.421021,27.025225,81.755341,-0.232288,-0.481951,0.844846,-0.117044,0.876144,0.467624,-0.965579,0.009739,-0.259927),
	CFrame.new(-194.421021,27.025225,81.755341,-0.232288,-0.481951,0.844846,-0.117044,0.876144,0.467624,-0.965579,0.009739,-0.259927),
	CFrame.new(-193.641220,27.085321,79.998573,-0.621767,0.325687,0.712274,-0.194030,0.817033,-0.542963,-0.758787,-0.475799,-0.444812),
	CFrame.new(-193.641220,27.085321,79.998573,-0.621767,0.325687,0.712274,-0.194030,0.817033,-0.542963,-0.758787,-0.475799,-0.444812),
	CFrame.new(-193.641220,27.085321,79.998573,-0.621767,0.325687,0.712274,-0.194030,0.817033,-0.542963,-0.758787,-0.475799,-0.444812),
	CFrame.new(-193.654602,27.129723,80.155769,-0.619882,0.313853,0.719196,-0.076983,0.887784,-0.453776,-0.780910,-0.336654,-0.526160),
	CFrame.new(-193.654602,27.129723,80.155769,-0.619882,0.313853,0.719196,-0.076983,0.887784,-0.453776,-0.780910,-0.336654,-0.526160),
	CFrame.new(-193.654602,27.129723,80.155769,-0.619882,0.313853,0.719196,-0.076983,0.887784,-0.453776,-0.780910,-0.336654,-0.526160),
	CFrame.new(-194.513199,26.677382,81.613907,0.116999,-0.600096,0.791326,-0.025139,0.794753,0.606412,-0.992814,-0.090843,0.077899),
	CFrame.new(-194.513199,26.677382,81.613907,0.116999,-0.600096,0.791326,-0.025139,0.794753,0.606412,-0.992814,-0.090843,0.077899),
	CFrame.new(-194.513199,26.677382,81.613907,0.116999,-0.600096,0.791326,-0.025139,0.794753,0.606412,-0.992814,-0.090843,0.077899),
	CFrame.new(-194.513199,26.677382,81.613907,0.116999,-0.600096,0.791325,-0.025139,0.794753,0.606412,-0.992814,-0.090843,0.077899),
	CFrame.new(-193.960205,27.274553,81.765961,0.084758,0.079623,0.993215,-0.000000,0.996802,-0.079911,-0.996402,0.006773,0.084487),
	CFrame.new(-193.960205,27.274553,81.765961,0.084758,0.079623,0.993215,-0.000000,0.996802,-0.079911,-0.996402,0.006773,0.084487),
	CFrame.new(-193.960205,27.274553,81.765961,0.084758,0.079624,0.993215,-0.000000,0.996802,-0.079911,-0.996402,0.006773,0.084487),
	CFrame.new(-193.960205,27.274553,81.765961,0.084758,0.079624,0.993215,-0.000000,0.996802,-0.079911,-0.996402,0.006773,0.084487),
	CFrame.new(-193.960205,27.174553,81.765961,0.084758,0.079624,0.993215,-0.000000,0.996802,-0.079911,-0.996402,0.006773,0.084487),
	CFrame.new(-193.960205,27.174553,81.765961,0.084758,0.079624,0.993215,-0.000000,0.996802,-0.079911,-0.996402,0.006773,0.084487),
	CFrame.new(-193.960205,27.074553,81.765961,0.084758,0.079623,0.993215,-0.000000,0.996802,-0.079911,-0.996402,0.006773,0.084487),
	CFrame.new(-193.960205,27.074553,81.765961,0.084758,0.079623,0.993215,-0.000000,0.996802,-0.079911,-0.996402,0.006773,0.084487),
	CFrame.new(-193.960205,27.074553,81.765961,0.084758,0.079623,0.993215,-0.000000,0.996802,-0.079911,-0.996402,0.006773,0.084487),
	CFrame.new(-194.435501,26.166981,81.725533,0.084758,-0.498197,0.862911,0.000000,0.866027,0.499997,-0.996402,-0.042379,0.073403),
	CFrame.new(-194.435501,26.166981,81.725533,0.084758,-0.498197,0.862911,0.000000,0.866027,0.499997,-0.996402,-0.042379,0.073403),
	CFrame.new(-194.435501,26.166981,81.725533,0.084758,-0.498197,0.862911,0.000000,0.866027,0.499996,-0.996402,-0.042379,0.073403),
	CFrame.new(-194.435501,26.166981,81.725533,0.084758,-0.498197,0.862911,0.000000,0.866027,0.499996,-0.996402,-0.042379,0.073403),
	CFrame.new(-193.960205,27.274553,81.765961,0.084758,0.079624,0.993215,-0.000000,0.996802,-0.079911,-0.996402,0.006773,0.084487),
	CFrame.new(-193.960205,27.274553,81.765961,0.084758,0.079623,0.993215,-0.000000,0.996802,-0.079911,-0.996402,0.006773,0.084487),
	CFrame.new(-193.960205,27.274553,81.765961,0.084758,0.079623,0.993215,-0.000000,0.996802,-0.079911,-0.996402,0.006773,0.084487),
	CFrame.new(-193.960205,27.274553,81.765961,0.084758,0.079623,0.993215,-0.000000,0.996802,-0.079911,-0.996402,0.006773,0.084487),
	CFrame.new(-193.960205,27.174553,81.765961,0.084758,0.079623,0.993215,-0.000000,0.996802,-0.079911,-0.996402,0.006773,0.084487),
	CFrame.new(-193.960205,27.174553,81.765961,0.084758,0.079624,0.993215,-0.000000,0.996802,-0.079911,-0.996402,0.006773,0.084487),
	CFrame.new(-193.960205,27.174553,81.765961,0.084758,0.079624,0.993215,-0.000000,0.996802,-0.079911,-0.996402,0.006773,0.084487),
	CFrame.new(-193.960205,27.074553,81.765961,0.084758,0.079624,0.993215,-0.000000,0.996802,-0.079911,-0.996402,0.006773,0.084487),
	CFrame.new(-193.960205,27.074553,81.765961,0.084758,0.079624,0.993215,-0.000000,0.996802,-0.079911,-0.996402,0.006773,0.084487),
	CFrame.new(-193.960205,27.074553,81.765961,0.084758,0.079623,0.993215,-0.000000,0.996802,-0.079911,-0.996402,0.006773,0.084487),
	CFrame.new(-193.960205,27.074553,81.765961,0.084758,0.079623,0.993215,-0.000000,0.996802,-0.079911,-0.996402,0.006773,0.084487),
	CFrame.new(-194.435501,26.166981,81.725533,0.084758,-0.498197,0.862911,0.000000,0.866027,0.499997,-0.996402,-0.042379,0.073403),
	CFrame.new(-194.435501,26.166981,81.725533,0.084758,-0.498197,0.862911,0.000000,0.866027,0.499997,-0.996402,-0.042379,0.073403),
	CFrame.new(-194.435501,26.166981,81.725533,0.084758,-0.498197,0.862911,0.000000,0.866027,0.499997,-0.996402,-0.042379,0.073403),
	CFrame.new(-193.944336,27.085321,83.561836,0.740998,0.240642,0.626908,0.194029,0.817033,-0.542963,-0.642864,0.523973,0.558728),
	CFrame.new(-193.944336,27.085321,83.561836,0.740998,0.240642,0.626908,0.194029,0.817033,-0.542963,-0.642864,0.523973,0.558728),
	CFrame.new(-193.930954,27.129723,83.404640,0.742876,0.252480,0.619991,0.076983,0.887784,-0.453776,-0.664988,0.384828,0.640077),
	CFrame.new(-193.930954,27.129723,83.404640,0.742876,0.252480,0.619991,0.076983,0.887784,-0.453776,-0.664988,0.384828,0.640077),
	CFrame.new(-193.930954,27.129723,83.404640,0.742876,0.252480,0.619991,0.076983,0.887784,-0.453776,-0.664988,0.384828,0.640077),
	CFrame.new(-193.930954,27.129723,83.404640,0.742876,0.252480,0.619991,0.076983,0.887784,-0.453776,-0.664988,0.384828,0.640077),
	CFrame.new(-194.530945,26.677382,81.822426,0.052375,-0.606818,0.793114,0.025140,0.794753,0.606412,-0.998311,-0.011822,0.056880),
	CFrame.new(-194.530945,26.677382,81.822426,0.052375,-0.606818,0.793114,0.025140,0.794753,0.606412,-0.998311,-0.011822,0.056880),
	CFrame.new(-194.530945,26.677382,81.822426,0.052375,-0.606818,0.793114,0.025140,0.794753,0.606412,-0.998311,-0.011822,0.056880),
	CFrame.new(-194.421021,27.025225,81.755341,-0.232288,-0.481951,0.844846,-0.117044,0.876144,0.467624,-0.965579,0.009739,-0.259927),
	CFrame.new(-194.421021,27.025225,81.755341,-0.232288,-0.481951,0.844846,-0.117044,0.876144,0.467624,-0.965579,0.009739,-0.259927),
	CFrame.new(-194.421021,27.025225,81.755341,-0.232288,-0.481951,0.844846,-0.117044,0.876144,0.467624,-0.965579,0.009739,-0.259927),
	CFrame.new(-194.421021,27.025225,81.755341,-0.232288,-0.481951,0.844846,-0.117044,0.876144,0.467624,-0.965579,0.009739,-0.259927),
	CFrame.new(-193.641220,27.085321,79.998573,-0.621767,0.325687,0.712274,-0.194030,0.817033,-0.542963,-0.758787,-0.475799,-0.444812),
	CFrame.new(-193.641220,27.085321,79.998573,-0.621767,0.325687,0.712273,-0.194030,0.817033,-0.542963,-0.758787,-0.475799,-0.444812),
	CFrame.new(-193.641220,27.085321,79.998573,-0.621767,0.325687,0.712273,-0.194030,0.817033,-0.542963,-0.758787,-0.475799,-0.444812),
	CFrame.new(-193.641220,27.085321,79.998573,-0.621767,0.325687,0.712274,-0.194030,0.817033,-0.542963,-0.758787,-0.475799,-0.444812),
	CFrame.new(-193.654602,27.129723,80.155769,-0.619882,0.313853,0.719196,-0.076983,0.887784,-0.453776,-0.780910,-0.336654,-0.526160),
	CFrame.new(-193.654602,27.129723,80.155769,-0.619882,0.313852,0.719196,-0.076984,0.887784,-0.453776,-0.780910,-0.336654,-0.526160),
	CFrame.new(-193.654602,27.129723,80.155769,-0.619882,0.313852,0.719196,-0.076984,0.887784,-0.453776,-0.780910,-0.336654,-0.526160),
	CFrame.new(-194.513199,26.677382,81.613907,0.116999,-0.600096,0.791326,-0.025139,0.794753,0.606412,-0.992814,-0.090843,0.077899),
	CFrame.new(-194.513199,26.677382,81.613907,0.116999,-0.600096,0.791326,-0.025139,0.794753,0.606412,-0.992814,-0.090843,0.077899),
	CFrame.new(-194.513199,26.677382,81.613907,0.116999,-0.600096,0.791326,-0.025139,0.794753,0.606412,-0.992814,-0.090843,0.077899),
	CFrame.new(-193.960205,27.274553,81.765961,0.084758,0.079624,0.993215,-0.000000,0.996802,-0.079911,-0.996402,0.006773,0.084487),
	CFrame.new(-193.960205,27.274553,81.765961,0.084758,0.079624,0.993215,-0.000000,0.996802,-0.079911,-0.996402,0.006773,0.084487),
	CFrame.new(-193.960205,27.274553,81.765961,0.084758,0.079623,0.993215,-0.000000,0.996802,-0.079911,-0.996402,0.006773,0.084487),
	CFrame.new(-193.960205,27.274553,81.765961,0.084758,0.079623,0.993215,-0.000000,0.996802,-0.079911,-0.996402,0.006773,0.084487),
	CFrame.new(-193.960205,27.174553,81.765961,0.084758,0.079623,0.993215,-0.000000,0.996802,-0.079911,-0.996402,0.006773,0.084487),
	CFrame.new(-193.960205,27.174553,81.765961,0.084758,0.079623,0.993215,-0.000000,0.996802,-0.079911,-0.996402,0.006773,0.084487),
	CFrame.new(-193.960205,27.074553,81.765961,0.084758,0.079624,0.993215,-0.000000,0.996802,-0.079911,-0.996402,0.006773,0.084487),
	CFrame.new(-193.960205,27.074553,81.765961,0.084758,0.079624,0.993215,-0.000000,0.996802,-0.079911,-0.996402,0.006773,0.084487),
	CFrame.new(-193.960205,27.074553,81.765961,0.084758,0.079624,0.993215,-0.000000,0.996802,-0.079911,-0.996402,0.006773,0.084487),
	CFrame.new(-193.960205,27.074553,81.765961,0.084758,0.079624,0.993215,-0.000000,0.996802,-0.079911,-0.996402,0.006773,0.084487),
	CFrame.new(-194.435501,26.166981,81.725533,0.084758,-0.498197,0.862911,0.000000,0.866027,0.499997,-0.996402,-0.042379,0.073403),
	CFrame.new(-194.435501,26.166981,81.725533,0.084758,-0.498197,0.862911,0.000000,0.866027,0.499997,-0.996402,-0.042379,0.073403),
	CFrame.new(-194.435501,26.166981,81.725533,0.084758,-0.498197,0.862911,0.000000,0.866027,0.499997,-0.996402,-0.042379,0.073403),
	CFrame.new(-194.435501,26.166981,81.725533,0.084758,-0.498197,0.862911,0.000000,0.866027,0.499997,-0.996402,-0.042379,0.073403),
	CFrame.new(-193.960205,27.274553,81.765961,0.084758,0.079624,0.993215,-0.000000,0.996802,-0.079911,-0.996402,0.006773,0.084487),
	CFrame.new(-193.960205,27.274553,81.765961,0.084758,0.079624,0.993215,-0.000000,0.996802,-0.079911,-0.996402,0.006773,0.084487),
	CFrame.new(-193.960205,27.274553,81.765961,0.084758,0.079624,0.993215,-0.000000,0.996802,-0.079911,-0.996402,0.006773,0.084487),
	CFrame.new(-193.960205,27.174553,81.765961,0.084758,0.079624,0.993215,-0.000000,0.996802,-0.079911,-0.996402,0.006773,0.084487),
	CFrame.new(-193.960205,27.174553,81.765961,0.084758,0.079623,0.993215,-0.000000,0.996802,-0.079911,-0.996402,0.006773,0.084487),
	CFrame.new(-193.960205,27.174553,81.765961,0.084758,0.079623,0.993215,-0.000000,0.996802,-0.079911,-0.996402,0.006773,0.084487),
	CFrame.new(-193.960205,27.174553,81.765961,0.084758,0.079623,0.993215,-0.000000,0.996802,-0.079911,-0.996402,0.006773,0.084487),
	CFrame.new(-193.960205,27.074553,81.765961,0.084758,0.079623,0.993215,-0.000000,0.996802,-0.079911,-0.996402,0.006773,0.084487),
	CFrame.new(-193.960205,27.074553,81.765961,0.084758,0.079624,0.993215,-0.000000,0.996802,-0.079911,-0.996402,0.006773,0.084487),
	CFrame.new(-193.960205,27.074553,81.765961,0.084758,0.079624,0.993215,-0.000000,0.996802,-0.079911,-0.996402,0.006773,0.084487),
	CFrame.new(-194.435501,26.166981,81.725533,0.084758,-0.498197,0.862911,0.000000,0.866027,0.499996,-0.996402,-0.042379,0.073403),
	CFrame.new(-194.435501,26.166981,81.725533,0.084758,-0.498197,0.862911,0.000000,0.866027,0.499996,-0.996402,-0.042379,0.073403),
	CFrame.new(-194.435501,26.166981,81.725533,0.084758,-0.498197,0.862911,0.000000,0.866027,0.499997,-0.996402,-0.042379,0.073403),
	CFrame.new(-194.435501,26.166981,81.725533,0.084758,-0.498197,0.862911,0.000000,0.866027,0.499997,-0.996402,-0.042379,0.073403),
	CFrame.new(-193.944336,27.085321,83.561836,0.740998,0.240642,0.626908,0.194029,0.817033,-0.542963,-0.642864,0.523973,0.558728),
	CFrame.new(-193.944336,27.085321,83.561836,0.740998,0.240642,0.626908,0.194029,0.817033,-0.542963,-0.642864,0.523973,0.558728),
	CFrame.new(-193.944336,27.085321,83.561836,0.740998,0.240642,0.626908,0.194029,0.817033,-0.542963,-0.642864,0.523973,0.558728),
	CFrame.new(-193.944336,27.085321,83.561836,0.740998,0.240642,0.626908,0.194029,0.817033,-0.542963,-0.642864,0.523973,0.558728),
	CFrame.new(-193.930954,27.129723,83.404640,0.742876,0.252480,0.619991,0.076983,0.887784,-0.453776,-0.664988,0.384828,0.640077),
	CFrame.new(-193.930954,27.129723,83.404640,0.742876,0.252480,0.619991,0.076983,0.887784,-0.453776,-0.664988,0.384828,0.640077),
	CFrame.new(-193.930954,27.129723,83.404640,0.742876,0.252480,0.619991,0.076983,0.887784,-0.453776,-0.664988,0.384828,0.640077),
	CFrame.new(-193.930954,27.129723,83.404640,0.742876,0.252480,0.619991,0.076983,0.887784,-0.453776,-0.664988,0.384828,0.640077),
	CFrame.new(-194.530945,26.677382,81.822426,0.052375,-0.606818,0.793113,0.025140,0.794753,0.606412,-0.998311,-0.011822,0.056880),
	CFrame.new(-194.530945,26.677382,81.822426,0.052375,-0.606818,0.793113,0.025140,0.794753,0.606412,-0.998311,-0.011822,0.056880),
	CFrame.new(-194.530945,26.677382,81.822426,0.052375,-0.606818,0.793113,0.025140,0.794753,0.606412,-0.998311,-0.011822,0.056880),
	CFrame.new(-194.530945,26.677382,81.822426,0.052375,-0.606818,0.793114,0.025140,0.794753,0.606412,-0.998311,-0.011822,0.056880),
	CFrame.new(-194.421021,27.025225,81.755341,-0.232288,-0.481951,0.844846,-0.117044,0.876144,0.467624,-0.965579,0.009739,-0.259927),
	CFrame.new(-194.421021,27.025225,81.755341,-0.232288,-0.481951,0.844846,-0.117044,0.876144,0.467624,-0.965579,0.009739,-0.259927),
	CFrame.new(-194.421021,27.025225,81.755341,-0.232288,-0.481951,0.844846,-0.117044,0.876144,0.467624,-0.965579,0.009739,-0.259927),
	CFrame.new(-194.421021,27.025225,81.755341,-0.232288,-0.481951,0.844846,-0.117044,0.876144,0.467624,-0.965579,0.009739,-0.259927),
	CFrame.new(-194.421021,27.025225,81.755341,-0.232288,-0.481951,0.844846,-0.117044,0.876144,0.467624,-0.965579,0.009739,-0.259927),
	CFrame.new(-193.641220,27.085321,79.998573,-0.621767,0.325687,0.712274,-0.194030,0.817033,-0.542963,-0.758787,-0.475799,-0.444812),
	CFrame.new(-193.641220,27.085321,79.998573,-0.621767,0.325687,0.712274,-0.194030,0.817033,-0.542963,-0.758787,-0.475799,-0.444812),
	CFrame.new(-193.654602,27.129723,80.155769,-0.619882,0.313853,0.719196,-0.076983,0.887784,-0.453776,-0.780910,-0.336654,-0.526160),
	CFrame.new(-193.654602,27.129723,80.155769,-0.619882,0.313853,0.719196,-0.076983,0.887784,-0.453776,-0.780910,-0.336654,-0.526160),
	CFrame.new(-193.654602,27.129723,80.155769,-0.619882,0.313853,0.719196,-0.076983,0.887784,-0.453776,-0.780910,-0.336654,-0.526160),
	CFrame.new(-194.513199,26.677382,81.613907,0.116999,-0.600096,0.791326,-0.025139,0.794753,0.606412,-0.992814,-0.090843,0.077899),
	CFrame.new(-194.513199,26.677382,81.613907,0.116999,-0.600096,0.791326,-0.025139,0.794753,0.606412,-0.992814,-0.090843,0.077899),
	CFrame.new(-194.513199,26.677382,81.613907,0.116999,-0.600096,0.791326,-0.025139,0.794753,0.606412,-0.992814,-0.090843,0.077899),
	CFrame.new(-194.513199,26.677382,81.613907,0.116999,-0.600096,0.791325,-0.025139,0.794753,0.606412,-0.992814,-0.090843,0.077899),
	CFrame.new(-193.960205,27.274553,81.765961,0.084758,0.079623,0.993215,-0.000000,0.996802,-0.079911,-0.996402,0.006773,0.084487),
	CFrame.new(-193.960205,27.274553,81.765961,0.084758,0.079623,0.993215,-0.000000,0.996802,-0.079911,-0.996402,0.006773,0.084487),
	CFrame.new(-193.960205,27.274553,81.765961,0.084758,0.079624,0.993215,-0.000000,0.996802,-0.079911,-0.996402,0.006773,0.084487),
	CFrame.new(-193.960205,27.274553,81.765961,0.084758,0.079624,0.993215,-0.000000,0.996802,-0.079911,-0.996402,0.006773,0.084487),
	CFrame.new(-193.960205,27.174553,81.765961,0.084758,0.079624,0.993215,-0.000000,0.996802,-0.079911,-0.996402,0.006773,0.084487),
	CFrame.new(-193.960205,27.174553,81.765961,0.084758,0.079624,0.993215,-0.000000,0.996802,-0.079911,-0.996402,0.006773,0.084487),
	CFrame.new(-193.960205,27.174553,81.765961,0.084758,0.079623,0.993215,-0.000000,0.996802,-0.079911,-0.996402,0.006773,0.084487),
	CFrame.new(-193.960205,27.074553,81.765961,0.084758,0.079623,0.993215,-0.000000,0.996802,-0.079911,-0.996402,0.006773,0.084487),
	CFrame.new(-193.960205,27.074553,81.765961,0.084758,0.079623,0.993215,-0.000000,0.996802,-0.079911,-0.996402,0.006773,0.084487),
	CFrame.new(-193.960205,27.074553,81.765961,0.084758,0.079623,0.993215,-0.000000,0.996802,-0.079911,-0.996402,0.006773,0.084487),
	CFrame.new(-193.960205,27.074553,81.765961,0.084758,0.079623,0.993215,-0.000000,0.996802,-0.079911,-0.996402,0.006773,0.084487),
	CFrame.new(-193.960205,27.074553,81.765961,0.084758,0.079623,0.993215,-0.000000,0.996802,-0.079911,-0.996402,0.006773,0.084487),
	CFrame.new(-194.435501,26.166981,81.725533,0.084758,-0.498197,0.862911,0.000000,0.866027,0.499997,-0.996402,-0.042379,0.073403),
	CFrame.new(-194.435501,26.166981,81.725533,0.084758,-0.498197,0.862911,0.000000,0.866027,0.499996,-0.996402,-0.042379,0.073403),
	CFrame.new(-194.435501,26.166981,81.725533,0.084758,-0.498197,0.862911,0.000000,0.866027,0.499996,-0.996402,-0.042379,0.073403),
	CFrame.new(-194.435501,26.166981,81.725533,0.084758,-0.498197,0.862911,0.000000,0.866027,0.499996,-0.996402,-0.042379,0.073403),
	CFrame.new(-193.960205,27.274553,81.765961,0.084758,0.079623,0.993215,-0.000000,0.996802,-0.079911,-0.996402,0.006773,0.084487),
	CFrame.new(-193.960205,27.274553,81.765961,0.084758,0.079623,0.993215,-0.000000,0.996802,-0.079911,-0.996402,0.006773,0.084487),
	CFrame.new(-193.960205,27.274553,81.765961,0.084758,0.079623,0.993215,-0.000000,0.996802,-0.079911,-0.996402,0.006773,0.084487),
	CFrame.new(-193.960205,27.274553,81.765961,0.084758,0.079623,0.993215,-0.000000,0.996802,-0.079911,-0.996402,0.006773,0.084487),
	CFrame.new(-193.960205,27.274553,81.765961,0.084758,0.079623,0.993215,-0.000000,0.996802,-0.079911,-0.996402,0.006773,0.084487),
	CFrame.new(-193.960205,27.174553,81.765961,0.084758,0.079624,0.993215,-0.000000,0.996802,-0.079911,-0.996402,0.006773,0.084487),
	CFrame.new(-193.960205,27.174553,81.765961,0.084758,0.079624,0.993215,-0.000000,0.996802,-0.079911,-0.996402,0.006773,0.084487),
	CFrame.new(-193.960205,27.174553,81.765961,0.084758,0.079624,0.993215,-0.000000,0.996802,-0.079911,-0.996402,0.006773,0.084487),
	CFrame.new(-193.960205,27.074553,81.765961,0.084758,0.079624,0.993215,-0.000000,0.996802,-0.079911,-0.996402,0.006773,0.084487),
	CFrame.new(-193.960205,27.074553,81.765961,0.084758,0.079623,0.993215,-0.000000,0.996802,-0.079911,-0.996402,0.006773,0.084487),
	CFrame.new(-193.960205,27.074553,81.765961,0.084758,0.079623,0.993215,-0.000000,0.996802,-0.079911,-0.996402,0.006773,0.084487),
	CFrame.new(-193.960205,27.074553,81.765961,0.084758,0.079623,0.993215,-0.000000,0.996802,-0.079911,-0.996402,0.006773,0.084487),
	CFrame.new(-194.435501,26.166981,81.725533,0.084758,-0.498197,0.862911,0.000000,0.866027,0.499997,-0.996402,-0.042379,0.073403),
	CFrame.new(-194.435501,26.166981,81.725533,0.084758,-0.498197,0.862911,0.000000,0.866027,0.499997,-0.996402,-0.042379,0.073403),
	CFrame.new(-194.435501,26.166981,81.725533,0.084758,-0.498197,0.862911,0.000000,0.866027,0.499996,-0.996402,-0.042379,0.073403),
	CFrame.new(-193.944336,27.085321,83.561836,0.740998,0.240642,0.626908,0.194029,0.817033,-0.542963,-0.642864,0.523973,0.558728),
	CFrame.new(-193.944336,27.085321,83.561836,0.740998,0.240642,0.626908,0.194029,0.817033,-0.542963,-0.642864,0.523973,0.558728),
	CFrame.new(-193.944336,27.085321,83.561836,0.740998,0.240642,0.626908,0.194029,0.817033,-0.542963,-0.642864,0.523973,0.558728),
	CFrame.new(-193.944336,27.085321,83.561836,0.740998,0.240642,0.626908,0.194029,0.817033,-0.542963,-0.642864,0.523973,0.558728),
	CFrame.new(-193.930954,27.129723,83.404640,0.742876,0.252480,0.619991,0.076983,0.887784,-0.453776,-0.664988,0.384828,0.640077),
	CFrame.new(-193.930954,27.129723,83.404640,0.742876,0.252480,0.619991,0.076983,0.887784,-0.453776,-0.664988,0.384828,0.640077),
	CFrame.new(-193.930954,27.129723,83.404640,0.742876,0.252480,0.619991,0.076983,0.887784,-0.453776,-0.664988,0.384828,0.640077),
	CFrame.new(-193.930954,27.129723,83.404640,0.742876,0.252480,0.619991,0.076983,0.887784,-0.453776,-0.664988,0.384828,0.640077),
	CFrame.new(-194.530945,26.677382,81.822426,0.052375,-0.606818,0.793114,0.025140,0.794753,0.606412,-0.998311,-0.011822,0.056880),
	CFrame.new(-194.530945,26.677382,81.822426,0.052375,-0.606818,0.793114,0.025140,0.794753,0.606412,-0.998311,-0.011822,0.056880),
	CFrame.new(-194.530945,26.677382,81.822426,0.052375,-0.606818,0.793114,0.025140,0.794753,0.606412,-0.998311,-0.011822,0.056880),
	CFrame.new(-194.421021,27.025225,81.755341,-0.232288,-0.481951,0.844846,-0.117044,0.876144,0.467624,-0.965579,0.009739,-0.259927),
	CFrame.new(-194.421021,27.025225,81.755341,-0.232288,-0.481951,0.844846,-0.117044,0.876144,0.467624,-0.965579,0.009739,-0.259927),
	CFrame.new(-194.421021,27.025225,81.755341,-0.232288,-0.481951,0.844846,-0.117044,0.876144,0.467624,-0.965579,0.009739,-0.259927),
	CFrame.new(-193.641220,27.085321,79.998573,-0.621767,0.325687,0.712274,-0.194030,0.817033,-0.542963,-0.758787,-0.475799,-0.444812),
	CFrame.new(-193.641220,27.085321,79.998573,-0.621767,0.325687,0.712273,-0.194030,0.817033,-0.542963,-0.758787,-0.475799,-0.444812),
	CFrame.new(-193.641220,27.085321,79.998573,-0.621767,0.325687,0.712273,-0.194030,0.817033,-0.542963,-0.758787,-0.475799,-0.444812),
	CFrame.new(-193.654602,27.129723,80.155769,-0.619882,0.313853,0.719196,-0.076983,0.887784,-0.453776,-0.780910,-0.336654,-0.526160),
	CFrame.new(-193.654602,27.129723,80.155769,-0.619882,0.313852,0.719196,-0.076984,0.887784,-0.453776,-0.780910,-0.336654,-0.526160),
	CFrame.new(-193.654602,27.129723,80.155769,-0.619882,0.313852,0.719196,-0.076984,0.887784,-0.453776,-0.780910,-0.336654,-0.526160),
	CFrame.new(-193.654602,27.129723,80.155769,-0.619882,0.313852,0.719196,-0.076984,0.887784,-0.453776,-0.780910,-0.336654,-0.526160),
	CFrame.new(-194.513199,26.677382,81.613907,0.116999,-0.600096,0.791326,-0.025139,0.794753,0.606412,-0.992814,-0.090843,0.077899),
	CFrame.new(-194.513199,26.677382,81.613907,0.116999,-0.600096,0.791326,-0.025139,0.794753,0.606412,-0.992814,-0.090843,0.077899),
	CFrame.new(-194.513199,26.677382,81.613907,0.116999,-0.600096,0.791326,-0.025139,0.794753,0.606412,-0.992814,-0.090843,0.077899),
	CFrame.new(-194.513199,26.677382,81.613907,0.116999,-0.600096,0.791326,-0.025139,0.794753,0.606412,-0.992814,-0.090843,0.077899),
	CFrame.new(-193.960205,27.274553,81.765961,0.084758,0.079624,0.993215,-0.000000,0.996802,-0.079911,-0.996402,0.006773,0.084487),
	CFrame.new(-193.960205,27.274553,81.765961,0.084758,0.079623,0.993215,-0.000000,0.996802,-0.079911,-0.996402,0.006773,0.084487),
	CFrame.new(-193.960205,27.274553,81.765961,0.084758,0.079623,0.993215,-0.000000,0.996802,-0.079911,-0.996402,0.006773,0.084487),
	CFrame.new(-193.960205,27.174553,81.765961,0.084758,0.079623,0.993215,-0.000000,0.996802,-0.079911,-0.996402,0.006773,0.084487),
	CFrame.new(-193.960205,27.174553,81.765961,0.084758,0.079623,0.993215,-0.000000,0.996802,-0.079911,-0.996402,0.006773,0.084487),
	CFrame.new(-193.960205,27.174553,81.765961,0.084758,0.079624,0.993215,-0.000000,0.996802,-0.079911,-0.996402,0.006773,0.084487),
	CFrame.new(-193.960205,27.074553,81.765961,0.084758,0.079624,0.993215,-0.000000,0.996802,-0.079911,-0.996402,0.006773,0.084487),
	CFrame.new(-193.960205,27.074553,81.765961,0.084758,0.079624,0.993215,-0.000000,0.996802,-0.079911,-0.996402,0.006773,0.084487),
	CFrame.new(-193.960205,27.074553,81.765961,0.084758,0.079624,0.993215,-0.000000,0.996802,-0.079911,-0.996402,0.006773,0.084487),
	CFrame.new(-194.435501,26.166981,81.725533,0.084758,-0.498197,0.862911,0.000000,0.866027,0.499997,-0.996402,-0.042379,0.073403),
	CFrame.new(-194.435501,26.166981,81.725533,0.084758,-0.498197,0.862911,0.000000,0.866027,0.499997,-0.996402,-0.042379,0.073403),
	CFrame.new(-194.435501,26.166981,81.725533,0.084758,-0.498197,0.862911,0.000000,0.866027,0.499997,-0.996402,-0.042379,0.073403),
	CFrame.new(-194.435501,26.166981,81.725533,0.084758,-0.498197,0.862911,0.000000,0.866027,0.499997,-0.996402,-0.042379,0.073403),
	CFrame.new(-193.960205,27.274553,81.765961,0.084758,0.079624,0.993215,-0.000000,0.996802,-0.079911,-0.996402,0.006773,0.084487),
	CFrame.new(-193.960205,27.274553,81.765961,0.084758,0.079624,0.993215,-0.000000,0.996802,-0.079911,-0.996402,0.006773,0.084487),
	CFrame.new(-193.960205,27.274553,81.765961,0.084758,0.079624,0.993215,-0.000000,0.996802,-0.079911,-0.996402,0.006773,0.084487),
	CFrame.new(-193.960205,27.174553,81.765961,0.084758,0.079624,0.993215,-0.000000,0.996802,-0.079911,-0.996402,0.006773,0.084487),
	CFrame.new(-193.960205,27.174553,81.765961,0.084758,0.079623,0.993215,-0.000000,0.996802,-0.079911,-0.996402,0.006773,0.084487),
	CFrame.new(-193.960205,27.174553,81.765961,0.084758,0.079623,0.993215,-0.000000,0.996802,-0.079911,-0.996402,0.006773,0.084487),
	CFrame.new(-193.960205,27.174553,81.765961,0.084758,0.079623,0.993215,-0.000000,0.996802,-0.079911,-0.996402,0.006773,0.084487),
	CFrame.new(-193.960205,27.074553,81.765961,0.084758,0.079623,0.993215,-0.000000,0.996802,-0.079911,-0.996402,0.006773,0.084487),
	CFrame.new(-193.960205,27.074553,81.765961,0.084758,0.079624,0.993215,-0.000000,0.996802,-0.079911,-0.996402,0.006773,0.084487),
	CFrame.new(-193.960205,27.074553,81.765961,0.084758,0.079624,0.993215,-0.000000,0.996802,-0.079911,-0.996402,0.006773,0.084487),
	CFrame.new(-193.960205,27.074553,81.765961,0.084758,0.079624,0.993215,-0.000000,0.996802,-0.079911,-0.996402,0.006773,0.084487),
	CFrame.new(-194.435501,26.166981,81.725533,0.084758,-0.498197,0.862911,0.000000,0.866027,0.499996,-0.996402,-0.042379,0.073403),
	CFrame.new(-194.435501,26.166981,81.725533,0.084758,-0.498197,0.862911,0.000000,0.866027,0.499997,-0.996402,-0.042379,0.073403),
	CFrame.new(-194.435501,26.166981,81.725533,0.084758,-0.498197,0.862911,0.000000,0.866027,0.499997,-0.996402,-0.042379,0.073403),
	CFrame.new(-194.435501,26.166981,81.725533,0.084758,-0.498197,0.862911,0.000000,0.866027,0.499997,-0.996402,-0.042379,0.073403),
	CFrame.new(-193.944336,27.085321,83.561836,0.740998,0.240642,0.626908,0.194029,0.817033,-0.542963,-0.642864,0.523973,0.558728),
	CFrame.new(-193.944336,27.085321,83.561836,0.740998,0.240642,0.626908,0.194029,0.817033,-0.542963,-0.642864,0.523973,0.558728),
	CFrame.new(-193.944336,27.085321,83.561836,0.740998,0.240642,0.626908,0.194029,0.817033,-0.542963,-0.642864,0.523973,0.558728),
	CFrame.new(-193.944336,27.085321,83.561836,0.740998,0.240642,0.626908,0.194029,0.817033,-0.542963,-0.642864,0.523973,0.558728),
	CFrame.new(-193.930954,27.129723,83.404640,0.742876,0.252480,0.619991,0.076983,0.887784,-0.453776,-0.664988,0.384828,0.640077),
	CFrame.new(-193.930954,27.129723,83.404640,0.742876,0.252480,0.619991,0.076983,0.887784,-0.453776,-0.664988,0.384828,0.640077),
	CFrame.new(-193.930954,27.129723,83.404640,0.742876,0.252480,0.619991,0.076983,0.887784,-0.453776,-0.664988,0.384828,0.640077),
	CFrame.new(-193.930954,27.129723,83.404640,0.742876,0.252480,0.619991,0.076983,0.887784,-0.453776,-0.664988,0.384828,0.640077),
	CFrame.new(-194.530945,26.677382,81.822426,0.052375,-0.606818,0.793113,0.025140,0.794753,0.606412,-0.998311,-0.011822,0.056880),
	CFrame.new(-194.530945,26.677382,81.822426,0.052375,-0.606818,0.793113,0.025140,0.794753,0.606412,-0.998311,-0.011822,0.056880),
	CFrame.new(-194.530945,26.677382,81.822426,0.052375,-0.606818,0.793114,0.025140,0.794753,0.606412,-0.998311,-0.011822,0.056880),
	CFrame.new(-194.421021,27.025225,81.755341,-0.232288,-0.481951,0.844846,-0.117044,0.876144,0.467624,-0.965579,0.009739,-0.259927),
	CFrame.new(-194.421021,27.025225,81.755341,-0.232288,-0.481951,0.844846,-0.117044,0.876144,0.467624,-0.965579,0.009739,-0.259927),
	CFrame.new(-194.421021,27.025225,81.755341,-0.232288,-0.481951,0.844846,-0.117044,0.876144,0.467624,-0.965579,0.009739,-0.259927),
	CFrame.new(-194.421021,27.025225,81.755341,-0.232288,-0.481951,0.844846,-0.117044,0.876144,0.467624,-0.965579,0.009739,-0.259927),
	CFrame.new(-193.641220,27.085321,79.998573,-0.621767,0.325687,0.712274,-0.194030,0.817033,-0.542963,-0.758787,-0.475799,-0.444812),
	CFrame.new(-193.641220,27.085321,79.998573,-0.621767,0.325687,0.712274,-0.194030,0.817033,-0.542963,-0.758787,-0.475799,-0.444812),
	CFrame.new(-193.641220,27.085321,79.998573,-0.621767,0.325687,0.712274,-0.194030,0.817033,-0.542963,-0.758787,-0.475799,-0.444812),
	CFrame.new(-193.654602,27.129723,80.155769,-0.619882,0.313853,0.719196,-0.076983,0.887784,-0.453776,-0.780910,-0.336654,-0.526160),
	CFrame.new(-193.654602,27.129723,80.155769,-0.619882,0.313853,0.719196,-0.076983,0.887784,-0.453776,-0.780910,-0.336654,-0.526160),
	CFrame.new(-193.654602,27.129723,80.155769,-0.619882,0.313853,0.719196,-0.076983,0.887784,-0.453776,-0.780910,-0.336654,-0.526160),
	CFrame.new(-193.654602,27.129723,80.155769,-0.619882,0.313853,0.719196,-0.076983,0.887784,-0.453776,-0.780910,-0.336654,-0.526160),
	CFrame.new(-194.513199,26.677382,81.613907,0.116999,-0.600096,0.791326,-0.025139,0.794753,0.606412,-0.992814,-0.090843,0.077899),
	CFrame.new(-194.513199,26.677382,81.613907,0.116999,-0.600096,0.791326,-0.025139,0.794753,0.606412,-0.992814,-0.090843,0.077899),
	CFrame.new(-193.960205,27.274553,81.765961,0.084758,0.079623,0.993215,-0.000000,0.996802,-0.079911,-0.996402,0.006773,0.084487),
	CFrame.new(-193.960205,27.274553,81.765961,0.084758,0.079624,0.993215,-0.000000,0.996802,-0.079911,-0.996402,0.006773,0.084487),
	CFrame.new(-193.960205,27.274553,81.765961,0.084758,0.079624,0.993215,-0.000000,0.996802,-0.079911,-0.996402,0.006773,0.084487),
	CFrame.new(-193.960205,27.274553,81.765961,0.084758,0.079624,0.993215,-0.000000,0.996802,-0.079911,-0.996402,0.006773,0.084487),
	CFrame.new(-193.960205,27.174553,81.765961,0.084758,0.079624,0.993215,-0.000000,0.996802,-0.079911,-0.996402,0.006773,0.084487),
	CFrame.new(-193.960205,27.174553,81.765961,0.084758,0.079623,0.993215,-0.000000,0.996802,-0.079911,-0.996402,0.006773,0.084487),
	CFrame.new(-193.960205,27.074553,81.765961,0.084758,0.079623,0.993215,-0.000000,0.996802,-0.079911,-0.996402,0.006773,0.084487),
	CFrame.new(-193.960205,27.074553,81.765961,0.084758,0.079623,0.993215,-0.000000,0.996802,-0.079911,-0.996402,0.006773,0.084487),
	CFrame.new(-193.960205,27.074553,81.765961,0.084758,0.079623,0.993215,-0.000000,0.996802,-0.079911,-0.996402,0.006773,0.084487),
	CFrame.new(-193.960205,27.074553,81.765961,0.084758,0.079624,0.993215,-0.000000,0.996802,-0.079911,-0.996402,0.006773,0.084487),
	CFrame.new(-194.435501,26.166981,81.725533,0.084758,-0.498197,0.862911,0.000000,0.866027,0.499996,-0.996402,-0.042379,0.073403),
	CFrame.new(-194.435501,26.166981,81.725533,0.084758,-0.498197,0.862911,0.000000,0.866027,0.499996,-0.996402,-0.042379,0.073403),
	CFrame.new(-194.435501,26.166981,81.725533,0.084758,-0.498197,0.862911,0.000000,0.866027,0.499996,-0.996402,-0.042379,0.073403),
	CFrame.new(-193.960205,27.274553,81.765961,0.084758,0.079623,0.993215,-0.000000,0.996802,-0.079911,-0.996402,0.006773,0.084487),
	CFrame.new(-193.960205,27.274553,81.765961,0.084758,0.079623,0.993215,-0.000000,0.996802,-0.079911,-0.996402,0.006773,0.084487),
	CFrame.new(-193.960205,27.274553,81.765961,0.084758,0.079623,0.993215,-0.000000,0.996802,-0.079911,-0.996402,0.006773,0.084487),
	CFrame.new(-193.960205,27.274553,81.765961,0.084758,0.079623,0.993215,-0.000000,0.996802,-0.079911,-0.996402,0.006773,0.084487),
	CFrame.new(-193.960205,27.174553,81.765961,0.084758,0.079624,0.993215,-0.000000,0.996802,-0.079911,-0.996402,0.006773,0.084487),
	CFrame.new(-193.960205,27.174553,81.765961,0.084758,0.079624,0.993215,-0.000000,0.996802,-0.079911,-0.996402,0.006773,0.084487),
	CFrame.new(-193.960205,27.174553,81.765961,0.084758,0.079624,0.993215,-0.000000,0.996802,-0.079911,-0.996402,0.006773,0.084487),
	CFrame.new(-193.960205,27.074553,81.765961,0.084758,0.079624,0.993215,-0.000000,0.996802,-0.079911,-0.996402,0.006773,0.084487),
	CFrame.new(-193.960205,27.074553,81.765961,0.084758,0.079623,0.993215,-0.000000,0.996802,-0.079911,-0.996402,0.006773,0.084487),
	CFrame.new(-193.960205,27.074553,81.765961,0.084758,0.079623,0.993215,-0.000000,0.996802,-0.079911,-0.996402,0.006773,0.084487)
}

-- transform helper
local origin = frames[1]:Inverse()
local startCFrame = hrp.CFrame

local function getRelative(cf)
	return startCFrame * (origin * cf)
end

-- === MAIN TIMELINE CONFIGURATION ===
local targetFPS = 55        -- Framerate your recorder captured at
local playbackSpeed = 0.55     -- Change speed here (e.g. 2.0 = 2x speed, 0.5 = half speed)

local totalFrames = #frames
-- Total base duration adjusted by playback speed multiplier
local totalDuration = ((totalFrames - 1) / targetFPS) / playbackSpeed

local function calculateMainTimeline(elapsedTime)
	if elapsedTime >= totalDuration then
		return totalFrames, 1, true
	end
	
	local progress = elapsedTime / totalDuration
	local scaledIndex = progress * (totalFrames - 1) + 1
	local index = math.floor(scaledIndex)
	local alpha = scaledIndex - index
	
	return index, alpha, false
end

-- RUNTIME LOOP
local startTime = tick()
local finished = false
local conn

conn = RunService.RenderStepped:Connect(function()
    -- NEW: abort if wheel cancelled this emote
    if _token and _token.cancelled then
        finished = true
        doCleanup()
        return
    end
    if finished then return end

	local currentTime = tick()
	local elapsedTime = currentTime - startTime
	local index, alpha, isFinished = calculateMainTimeline(elapsedTime)

	if isFinished or index >= totalFrames then
		finished = true
		conn:Disconnect()

		track:Stop()

		-- stabilize before final tween
		hrp.Anchored = true
		hrp.AssemblyLinearVelocity = Vector3.zero
		hrp.AssemblyAngularVelocity = Vector3.zero

		local tween = TweenService:Create(
			hrp,
			TweenInfo.new(0, Enum.EasingStyle.Quint, Enum.EasingDirection.Out), -- Instant transition (0s)
			{CFrame = checkpoint.CFrame}
		)

		tween:Play()
		tween.Completed:Wait()

		checkpoint:Destroy()

		-- restore state
		hrp.Anchored = false
		setGhost(false)

		hum.PlatformStand = false
		hum.Sit = oldSit
		hum.AutoRotate = oldAutoRotate

		return
	end

	local nextIndex = math.min(index + 1, totalFrames)
	local a = getRelative(frames[index])
	local b = getRelative(frames[nextIndex])

	hrp.CFrame = a:Lerp(b, alpha)
	hrp.AssemblyLinearVelocity = Vector3.zero
	hrp.AssemblyAngularVelocity = Vector3.zero
end)



local player = game.Players.LocalPlayer
local character = player.Character or player.CharacterAdded:Wait()
local humanoid = character:WaitForChild("Humanoid")

local function playPose(animId, playFade, timePos, holdTime, stopFade)
local animation = Instance.new("Animation")
animation.AnimationId = "http://www.roblox.com/asset/?version=1&id=" .. animId
local track = humanoid:LoadAnimation(animation)
track:Play(playFade)
track.TimePosition = timePos
track:AdjustSpeed(0)

if animId == 233087184 then
local extraAnimation = Instance.new("Animation")
extraAnimation.AnimationId = "http://www.roblox.com/asset/?version=1&id=180426354"
local extraTrack = humanoid:LoadAnimation(extraAnimation)
extraTrack:Play(0.3)
extraTrack.TimePosition = 0
extraTrack:AdjustSpeed(5)
task.delay(0.3, function()
extraTrack:Stop(0.3)
end)
end

task.delay(holdTime, function()
track:Stop(stopFade)
end)
wait(holdTime)
end

playPose(233087184, 0, 0.95, 0.5, 0)
playPose(259438880, 0.1, 0.25, 0.5, 0.1)
playPose(243592320, 0.1, 0, 0.5, 0.1)
playPose(233087184, 0, 0.95, 0.6, 0)
playPose(259438880, 0.1, 0.25, 0.5, 0.1)
playPose(243592320, 0.1, 0, 0.5, 0.1)
playPose(233087184, 0, 0.95, 0.75, 0)


for i = 1, 4 do
playPose(259438880, 0.1, 0.25, 0.5, 0.1)
playPose(243592320, 0.1, 0, 0.5, 0.1)
playPose(233087184, 0, 0.95, 0.55, 0)
playPose(259438880, 0.1, 0.25, 0.5, 0.1)
playPose(243592320, 0.1, 0, 0.5, 0.1)
playPose(233087184, 0, 0.95, 0.85, 0)

if player.Character ~= character or humanoid.Health <= 0 then
break
end
end
